











FFT	AudioTools 	v36 iPad battery  10%	2023/09/08 23:55	Headset Microphone 1 Low Range	EB05A3E2-10AC-49FE-A287-06AC06EBE5AD
Frequency	dB	Unweighted
19.5	61.2
19.8	61.4
20.1	61.6
20.3	61.7
20.6	61.9
20.9	62.1
21.2	62.2
21.6	62.4
21.9	62.6
22.2	62.7
22.5	62.8
22.8	63
23.2	63.1
23.5	63.3
23.8	63.5
24.2	63.6
24.5	63.7
24.9	63.9
25.3	64
25.6	64.2
26	64.2
26.4	64.2
26.8	64.2
27.2	64.1
27.5	64.1
28	64
28.4	63.9
28.8	63.9
29.2	64
29.6	64.1
30	64.3
30.5	64.6
30.9	64.9
31.4	65.1
31.8	65.4
32.3	65.5
32.8	65.6
33.2	65.6
33.7	65.5
34.2	65.4
34.7	65.3
35.2	65.3
35.7	65.3
36.2	65.4
36.8	65.5
37.3	65.6
37.9	65.7
38.4	65.7
39	65.7
39.5	65.6
40.1	65.5
40.7	65.4
41.3	65.4
41.9	65.5
42.5	65.5
43.1	65.5
43.7	65.4
44.4	65.4
45	65.4
45.7	65.5
46.3	65.7
47	65.9
47.7	66.1
48.4	66.2
49.1	66.2
49.8	66.1
50.5	65.9
51.3	65.8
52	65.8
52.8	65.8
53.5	65.8
54.3	65.8
55.1	65.8
55.9	65.7
56.7	65.5
57.5	65.3
58.4	65.2
59.2	65.2
60.1	65.3
61	65.4
61.8	65.5
62.7	65.6
63.7	65.8
64.6	66
65.5	66.1
66.5	66.2
67.4	66.1
68.4	65.9
69.4	65.7
70.4	65.5
71.5	65.3
72.5	65.1
73.5	65.1
74.6	65.4
75.7	65.8
76.8	66.1
77.9	66.1
79.1	65.8
80.2	65.5
81.4	65.1
82.6	64.8
83.8	64.6
85	64.3
86.2	64.1
87.5	64
88.7	64.3
90	64.7
91.3	64.9
92.7	64.9
94	64.8
95.4	64.6
96.8	64.3
98.2	64.1
99.6	64
101	64
103	63.9
104	63.6
106	63.3
107	63.3
109	63.4
110	63.4
112	63.3
113	63.2
115	63
117	62.9
118	62.9
120	63
122	62.9
124	62.8
125	62.8
127	62.7
129	62.4
131	62.3
133	62.4
135	62.4
137	62.3
139	62.1
141	61.9
143	62
145	61.9
147	61.7
149	61.4
151	61.1
154	61
156	60.9
158	60.7
160	60.6
163	60.6
165	60.5
168	60.3
170	60
172	59.6
175	59.2
177	59
180	58.8
183	58.8
185	58.7
188	58.5
191	58.4
194	58.4
196	58.3
199	58.1
202	57.9
205	57.7
208	57.3
211	57
214	57.3
217	57.4
220	57.2
224	57.1
227	56.9
230	56.7
234	56.3
237	55.9
240	55.7
244	55.6
247	55.6
251	55.6
255	55.5
258	55.5
262	55.5
266	55.4
270	55.4
274	55.4
278	55.3
282	55.3
286	55.6
290	55.8
294	55.7
298	55.7
303	55.6
307	55.9
312	56.2
316	56.4
321	56.6
325	56.4
330	56.2
335	56
340	56
345	56.3
350	56.6
355	56.7
360	56.7
365	56.7
371	56.8
376	56.8
382	56.8
387	56.9
393	56.9
398	57
404	57
410	57.1
416	57.2
422	57.3
428	57.3
434	57.2
441	57.2
447	57.4
454	57.5
460	57.5
467	57.6
474	57.4
481	57.2
488	57.2
495	57.4
502	57.8
509	57.9
517	58
524	57.8
532	57.9
540	58
547	58
555	57.8
563	57.8
572	57.8
580	57.8
588	57.7
597	57.7
606	58
614	58
623	58
632	58.1
642	58.1
651	58.2
660	58.4
670	58.6
680	58.7
690	58.5
700	58.5
710	58.5
720	58.3
731	58.3
741	58.5
752	58.4
763	58.3
774	58.3
785	58.5
797	58.6
808	58.7
820	58.9
832	59
844	59
856	58.9
869	58.9
882	59
894	59.2
907	59.3
921	59.3
934	59.3
948	59.4
961	59.5
975	59.6
990	59.8
1004	60
1019	60.1
1033	60.1
1048	60.1
1064	60.2
1079	60.3
1095	60.4
1111	60.5
1127	60.6
1143	60.7
1160	60.9
1177	60.9
1194	61
1211	61.1
1229	61.3
1247	61.4
1265	61.5
1283	61.6
1302	61.6
1321	61.6
1340	61.8
1360	62
1379	62.2
1399	62.4
1420	62.6
1440	62.8
1461	63
1483	63.1
1504	63
1526	63.2
1548	63.3
1571	63.4
1594	63.4
1617	63.4
1640	63.6
1664	63.8
1688	63.9
1713	64
1738	64.1
1763	64.1
1789	64.1
1815	64.3
1841	64.3
1868	64.4
1895	64.4
1923	64.5
1951	64.8
1979	65
2008	65.2
2037	65.7
2067	66
2097	66.1
2127	66.1
2158	66.1
2190	66.2
2221	66.4
2254	66.4
2287	66.5
2320	66.6
2354	66.6
2388	66.7
2423	66.9
2458	67.1
2494	67.3
2530	67.3
2567	67.4
2604	67.4
2642	67.3
2680	67.2
2719	67.2
2759	67.2
2799	67.2
2840	67.3
2881	67.2
2923	67.2
2965	67.2
3008	67.2
3052	67.1
3097	67.1
3142	67.1
3187	67.1
3234	67
3281	67
3328	66.9
3377	66.9
3426	66.9
3476	66.8
3526	66.7
3578	66.7
3630	66.6
3682	66.5
3736	66.4
3790	66.3
3846	66.3
3901	66.2
3958	66.1
4016	65.9
4074	65.7
4133	65.5
4194	65.5
4255	65.3
4316	65.2
4379	65.2
4443	65
4508	64.9
4573	64.9
4640	64.8
4707	64.7
4776	64.7
4845	64.8
4916	64.8
4987	64.8
5060	64.8
5133	64.9
5208	65.1
5284	65.2
5360	65.3
5438	65.2
5518	65.1
5598	64.8
5679	64.5
5762	64.1
5846	63.8
5931	63.4
6017	63
6104	62.7
6193	62.5
6283	62.3
6375	62.2
6467	62.1
6561	62
6657	62
6754	62.2
6852	62.2
6952	62.4
7053	62.7
7155	63
7259	63.3
7365	63.6
7472	64
7581	64.5
7691	64.8
7803	65.2
7916	65.5
8032	65.7
8148	65.7
8267	65.4
8387	65.1
8509	64.5
8633	63.8
8758	62.9
8886	61.9
9015	60.9
9146	60
9279	59.1
9414	58.3
9551	57.4
9690	56.6
9831	55.9
9974	54.8
10119	54.2
10266	53.7
10416	53.2
10567	52.7
10721	52.3
10877	52
11035	51.9
11196	52.1
11358	52.5
11524	53.3
11691	54.4
11861	55.7
12034	57.2
12209	58.9
12386	60.7
12567	62.6
12749	64.1
12935	64.4
13123	63.4
13314	61.8
13507	59.9
13704	58.3
13903	57
14105	55.6
14311	54.4
14519	53.3
14730	52.5
14944	51.8
15162	51.4
15382	51.1
15606	51.3
15833	51.6
16063	52
16297	52.4
16534	52.5
16774	52
17018	50.9
17266	49.5
17517	47.9
17772	46.2
18030	44.4
18293	42.7
18559	41
18829	39.1
19102	36.9
19380	34.6
20000	32.9
overall dB	87 dB
decay	Average
averaging	1/12 Octave
source	Headset Microphone 1 Low Range
latitude	0
longitude	0
saved	2023/09/08 23:55
peak	32.2Hz
