











FFT	AudioTools 	v17.1 (89) iPad battery  88%	2023/11/03 12:36	Headset Microphone 1 Low Range	EB05A3E2-10AC-49FE-A287-06AC06EBE5AD
Frequency	dB	Unweighted
19.5	59.4
19.8	59.4
20.1	59.4
20.3	59.5
20.6	59.5
20.9	59.6
21.2	59.6
21.6	59.6
21.9	59.7
22.2	59.7
22.5	59.8
22.8	59.8
23.2	59.8
23.5	59.9
23.8	59.9
24.2	60
24.5	60
24.9	60.1
25.3	60.2
25.6	60.2
26	60.2
26.4	60.3
26.8	60.3
27.2	60.3
27.5	60.3
28	60.3
28.4	60.4
28.8	60.4
29.2	60.4
29.6	60.5
30	60.5
30.5	60.5
30.9	60.5
31.4	60.5
31.8	60.5
32.3	60.5
32.8	60.5
33.2	60.5
33.7	60.5
34.2	60.5
34.7	60.5
35.2	60.5
35.7	60.5
36.2	60.5
36.8	60.5
37.3	60.5
37.9	60.6
38.4	60.6
39	60.6
39.5	60.6
40.1	60.6
40.7	60.6
41.3	60.6
41.9	60.6
42.5	60.6
43.1	60.6
43.7	60.5
44.4	60.5
45	60.4
45.7	60.4
46.3	60.3
47	60.3
47.7	60.3
48.4	60.3
49.1	60.2
49.8	60.2
50.5	60.2
51.3	60.1
52	60.1
52.8	60.1
53.5	60
54.3	60
55.1	59.9
55.9	59.9
56.7	59.9
57.5	59.8
58.4	59.8
59.2	59.8
60.1	59.7
61	59.7
61.8	59.7
62.7	59.6
63.7	59.6
64.6	59.6
65.5	59.6
66.5	59.5
67.4	59.5
68.4	59.5
69.4	59.4
70.4	59.4
71.5	59.3
72.5	59.3
73.5	59.2
74.6	59.1
75.7	59.1
76.8	59
77.9	58.9
79.1	58.9
80.2	58.8
81.4	58.7
82.6	58.7
83.8	58.6
85	58.6
86.2	58.5
87.5	58.5
88.7	58.4
90	58.4
91.3	58.3
92.7	58.3
94	58.2
95.4	58.2
96.8	58.1
98.2	58.1
99.6	58
101	58
103	57.9
104	57.8
106	57.8
107	57.7
109	57.6
110	57.5
112	57.4
113	57.3
115	57.2
117	57.1
118	57
120	56.9
122	56.8
124	56.6
125	56.5
127	56.5
129	56.5
131	56.5
133	56.5
135	56.5
137	56.6
139	56.7
141	56.8
143	56.9
145	56.9
147	56.9
149	56.8
151	56.8
154	56.8
156	56.7
158	56.7
160	56.7
163	56.6
165	56.6
168	56.6
170	56.6
172	56.6
175	56.6
177	56.5
180	56.5
183	56.5
185	56.4
188	56.4
191	56.3
194	56.3
196	56.2
199	56.1
202	56.1
205	56
208	56
211	55.9
214	55.8
217	55.8
220	55.7
224	55.7
227	55.7
230	55.6
234	55.6
237	55.5
240	55.5
244	55.4
247	55.4
251	55.3
255	55.3
258	55.2
262	55.2
266	55.2
270	55.1
274	55.1
278	55
282	55
286	55
290	54.9
294	54.9
298	54.9
303	54.9
307	54.9
312	54.8
316	54.8
321	54.8
325	54.7
330	54.7
335	54.7
340	54.6
345	54.6
350	54.6
355	54.6
360	54.6
365	54.5
371	54.5
376	54.5
382	54.4
387	54.4
393	54.4
398	54.4
404	54.4
410	54.3
416	54.3
422	54.3
428	54.3
434	54.2
441	54.2
447	54.2
454	54.1
460	54.1
467	54.1
474	54.1
481	54.1
488	54.1
495	54.1
502	54.1
509	54
517	54
524	54
532	54
540	54
547	54
555	54
563	54
572	54
580	54
588	53.9
597	53.9
606	53.9
614	53.9
623	53.9
632	53.9
642	53.9
651	53.9
660	53.9
670	53.9
680	53.9
690	53.9
700	53.9
710	53.9
720	54
731	54
741	54
752	54
763	54.1
774	54.1
785	54.1
797	54.2
808	54.2
820	54.3
832	54.3
844	54.4
856	54.5
869	54.5
882	54.6
894	54.7
907	54.7
921	54.8
934	54.9
948	54.9
961	55
975	55.1
990	55.1
1004	55.2
1019	55.3
1033	55.4
1048	55.4
1064	55.5
1079	55.6
1095	55.6
1111	55.7
1127	55.8
1143	55.8
1160	55.9
1177	55.9
1194	56
1211	56
1229	56
1247	56.1
1265	56.1
1283	56.1
1302	56.2
1321	56.2
1340	56.2
1360	56.2
1379	56.2
1399	56.2
1420	56.2
1440	56.2
1461	56.2
1483	56.2
1504	56.2
1526	56.2
1548	56.2
1571	56.2
1594	56.2
1617	56.2
1640	56.2
1664	56.2
1688	56.2
1713	56.3
1738	56.3
1763	56.3
1789	56.3
1815	56.4
1841	56.4
1868	56.5
1895	56.5
1923	56.6
1951	56.7
1979	56.7
2008	56.8
2037	56.9
2067	57
2097	57.1
2127	57.2
2158	57.3
2190	57.4
2221	57.5
2254	57.7
2287	57.8
2320	57.9
2354	58
2388	58.2
2423	58.3
2458	58.4
2494	58.6
2530	58.7
2567	58.8
2604	58.9
2642	59.1
2680	59.2
2719	59.3
2759	59.4
2799	59.5
2840	59.6
2881	59.6
2923	59.6
2965	59.7
3008	59.7
3052	59.7
3097	59.7
3142	59.7
3187	59.7
3234	59.6
3281	59.6
3328	59.5
3377	59.5
3426	59.4
3476	59.3
3526	59.3
3578	59.2
3630	59.1
3682	59.1
3736	59.1
3790	59.1
3846	59.1
3901	59.1
3958	59.1
4016	59.2
4074	59.2
4133	59.3
4194	59.3
4255	59.3
4316	59.2
4379	59.1
4443	59
4508	58.9
4573	58.7
4640	58.5
4707	58.3
4776	58.1
4845	57.9
4916	57.7
4987	57.5
5060	57.3
5133	57.2
5208	57
5284	56.9
5360	56.8
5438	56.8
5518	56.8
5598	56.8
5679	56.9
5762	57.1
5846	57.2
5931	57.4
6017	57.6
6104	57.7
6193	57.9
6283	58
6375	58
6467	58.1
6561	58.1
6657	58.1
6754	58.2
6852	58.3
6952	58.4
7053	58.6
7155	58.9
7259	59.2
7365	59.5
7472	59.8
7581	60
7691	60
7803	60
7916	59.7
8032	59.2
8148	58.5
8267	57.6
8387	56.5
8509	55.5
8633	54.4
8758	53.3
8886	52.2
9015	51.3
9146	50.4
9279	49.6
9414	48.9
9551	48.3
9690	47.8
9831	47.4
9974	46.8
10119	46.5
10266	46.2
10416	46
10567	45.9
10721	45.8
10877	45.8
11035	45.8
11196	45.9
11358	46
11524	46.2
11691	46.4
11861	46.7
12034	47
12209	47.3
12386	47.7
12567	48
12749	48.4
12935	48.7
13123	49
13314	49.4
13507	49.7
13704	50.1
13903	50.4
14105	50.7
14311	51
14519	51.1
14730	50.9
14944	50.6
15162	49.9
15382	48.4
15606	47.3
15833	46
16063	44.6
16297	43.4
16534	42.4
16774	41.3
17018	40.4
17266	39.7
17517	39.1
17772	38.6
18030	38.1
18293	37.8
18559	37.4
18829	37.1
19102	36.9
19380	36.7
20000	36.5
overall dB	81.6 dB
decay	Average
averaging	1/3 Octave
source	Headset Microphone 1 Low Range
latitude	0
longitude	0
saved	2023/11/03 12:36
peak	19.0Hz
