












Frequency	dB	Unweighted
19.5	71.7
19.8	71.8
20.1	71.9
20.3	72
20.6	72.1
20.9	72.1
21.2	72.1
21.6	72.2
21.9	72.2
22.2	72.2
22.5	72.2
22.8	72.3
23.2	72.3
23.5	72.3
23.8	72.4
24.2	72.4
24.5	72.5
24.9	72.5
25.3	72.5
25.6	72.5
26	72.5
26.4	72.5
26.8	72.5
27.2	72.5
27.5	72.5
28	72.5
28.4	72.5
28.8	72.5
29.2	72.5
29.6	72.5
30	72.4
30.5	72.4
30.9	72.4
31.4	72.3
31.8	72.3
32.3	72.2
32.8	72.2
33.2	72.2
33.7	72.2
34.2	72.2
34.7	72.2
35.2	72.1
35.7	72.1
36.2	72.1
36.8	72
37.3	72
37.9	71.9
38.4	71.9
39	71.9
39.5	71.9
40.1	72
40.7	72
41.3	72
41.9	71.9
42.5	71.9
43.1	71.7
43.7	71.7
44.4	71.5
45	71.5
45.7	71.4
46.3	71.4
47	71.4
47.7	71.4
48.4	71.4
49.1	71.3
49.8	71.3
50.5	71.2
51.3	71.2
52	71.1
52.8	71
53.5	71
54.3	70.8
55.1	70.8
55.9	70.7
56.7	70.7
57.5	70.6
58.4	70.5
59.2	70.4
60.1	70.3
61	70.3
61.8	70.2
62.7	70.1
63.7	70.1
64.6	70
65.5	69.9
66.5	69.8
67.4	69.7
68.4	69.7
69.4	69.7
70.4	69.6
71.5	69.6
72.5	69.5
73.5	69.6
74.6	69.5
75.7	69.4
76.8	69.3
77.9	69.1
79.1	69.1
80.2	69
81.4	68.9
82.6	68.9
83.8	69
85	69
86.2	69
87.5	68.9
88.7	68.7
90	68.6
91.3	68.5
92.7	68.4
94	68.4
95.4	68.5
96.8	68.6
98.2	68.5
99.6	68.3
101	68.3
103	68.3
104	68.4
106	68.3
107	68.3
109	68.3
110	68.2
112	68.2
113	68.3
115	68.4
117	68.4
118	68.3
120	68.3
122	68.3
124	68.4
125	68.4
127	68.2
129	68.1
131	68.2
133	68.3
135	68.3
137	68.3
139	68.4
141	68.5
143	68.4
145	68.3
147	68.4
149	68.4
151	68.4
154	68.4
156	68.4
158	68.6
160	68.7
163	68.7
165	68.6
168	68.7
170	68.6
172	68.6
175	68.7
177	68.8
180	68.7
183	68.8
185	68.9
188	69
191	69
194	69
196	69
199	69.2
202	69.3
205	69.2
208	69.1
211	69.2
214	69.4
217	69.3
220	69.4
224	69.4
227	69.4
230	69.3
234	69.3
237	69.5
240	69.4
244	69.4
247	69.4
251	69.4
255	69.4
258	69.5
262	69.5
266	69.5
270	69.5
274	69.5
278	69.5
282	69.5
286	69.5
290	69.6
294	69.6
298	69.6
303	69.6
307	69.6
312	69.6
316	69.7
321	69.6
325	69.6
330	69.6
335	69.6
340	69.5
345	69.5
350	69.6
355	69.6
360	69.5
365	69.6
371	69.6
376	69.5
382	69.5
387	69.4
393	69.5
398	69.5
404	69.4
410	69.4
416	69.3
422	69.4
428	69.3
434	69.3
441	69.3
447	69.2
454	69.2
460	69.1
467	69.1
474	69.1
481	69.1
488	68.9
495	69
502	68.9
509	68.9
517	68.8
524	68.8
532	68.8
540	68.7
547	68.7
555	68.7
563	68.6
572	68.6
580	68.5
588	68.4
597	68.3
606	68.3
614	68.2
623	68.2
632	68.1
642	68.1
651	68
660	68
670	67.9
680	67.8
690	67.8
700	67.7
710	67.7
720	67.7
731	67.6
741	67.5
752	67.5
763	67.5
774	67.4
785	67.4
797	67.3
808	67.3
820	67.3
832	67.3
844	67.3
856	67.3
869	67.3
882	67.3
894	67.3
907	67.3
921	67.4
934	67.4
948	67.5
961	67.6
975	67.7
990	67.8
1004	67.8
1019	68
1033	68
1048	68.2
1064	68.3
1079	68.7
1095	68.8
1111	69
1127	69.2
1143	69.3
1160	69.6
1177	69.7
1194	70.1
1211	70.2
1229	70.5
1247	70.6
1265	70.7
1283	71
1302	71.1
1321	71.5
1340	71.6
1360	71.8
1379	71.9
1399	72.2
1420	72.2
1440	72.3
1461	72.6
1483	72.7
1504	72.9
1526	73
1548	73.2
1571	73.3
1594	73.3
1617	73.5
1640	73.5
1664	73.8
1688	73.8
1713	74
1738	74
1763	74.1
1789	74.1
1815	74.2
1841	74.3
1868	74.3
1895	74.3
1923	74.3
1951	74.3
1979	74.3
2008	74.3
2037	74.2
2067	74.2
2097	74.1
2127	74.1
2158	74
2190	74
2221	73.9
2254	73.9
2287	73.9
2320	73.7
2354	73.7
2388	73.6
2423	73.6
2458	73.6
2494	73.5
2530	73.5
2567	73.5
2604	73.5
2642	73.4
2680	73.4
2719	73.4
2759	73.4
2799	73.4
2840	73.4
2881	73.4
2923	73.4
2965	73.4
3008	73.3
3052	73.3
3097	73.2
3142	73
3187	72.9
3234	72.7
3281	72.7
3328	72.6
3377	72.6
3426	72.7
3476	72.7
3526	72.8
3578	72.9
3630	72.9
3682	72.9
3736	72.9
3790	72.9
3846	72.9
3901	72.7
3958	72.6
4016	72.5
4074	72.3
4133	72.2
4194	71.8
4255	71.7
4316	71.1
4379	70.7
4443	70.2
4508	69.8
4573	69.5
4640	69.2
4707	69
4776	68.6
4845	68.4
4916	68.3
4987	68.1
5060	68
5133	67.9
5208	67.9
5284	67.8
5360	67.8
5438	67.8
5518	67.8
5598	67.7
5679	67.6
5762	67.5
5846	67.3
5931	67.2
6017	66.6
6104	66
6193	65.4
6283	64.9
6375	64.4
6467	64.2
6561	64.1
6657	64
6754	64
6852	64.1
6952	64.4
7053	64.7
7155	65.1
7259	65.5
7365	66.1
7472	66.7
7581	67.4
7691	68.2
7803	68.9
7916	69.6
8032	70.1
8148	70.4
8267	70.5
8387	70.3
8509	69.9
8633	69.5
8758	69
8886	68.6
9015	68.3
9146	68.1
9279	68
9414	68
9551	68
9690	68.2
9831	68.4
9974	68.6
10119	68.7
10266	68.6
10416	68.1
10567	67.8
10721	67.1
10877	66.4
11035	65.7
11196	65
11358	64.4
11524	63.8
11691	63
11861	62.3
12034	62.1
12209	62.2
12386	62.1
12567	61.9
12749	61.7
12935	61.8
13123	62.1
13314	62.2
13507	62.1
13704	61.5
13903	60.5
14105	59.4
14311	58.4
14519	56.8
14730	56.2
14944	55.2
15162	54.3
15382	53.4
15606	52.6
15833	51.9
16063	51.2
16297	51.1
16534	51.1
16774	51.3
17018	51.9
17266	52.9
17517	54.6
17772	56.8
18030	59.2
18293	62.5
18559	63.7
18829	65.8
19102	66.9
19380	66.4
20000	63.8
overall dB	94.3 dB
decay	Average
averaging	No Smoothing
source	Headset Mic 1 Low Range


saved	10/7/19, 8:42 PM
peak	21.5Hz
