












Frequency	dB	Unweighted
19.5	72.2
19.8	72.2
20.1	72.3
20.3	72.4
20.6	72.5
20.9	72.5
21.2	72.5
21.6	72.6
21.9	72.6
22.2	72.6
22.5	72.7
22.8	72.7
23.2	72.7
23.5	72.7
23.8	72.7
24.2	72.7
24.5	72.7
24.9	72.7
25.3	72.8
25.6	72.8
26	72.9
26.4	72.9
26.8	72.9
27.2	72.9
27.5	72.9
28	72.9
28.4	72.9
28.8	72.9
29.2	72.9
29.6	72.9
30	73
30.5	73
30.9	72.9
31.4	72.9
31.8	72.9
32.3	72.9
32.8	73
33.2	73
33.7	73
34.2	73
34.7	73
35.2	73
35.7	73
36.2	73.1
36.8	73.1
37.3	73.1
37.9	73.1
38.4	73.1
39	73.1
39.5	73.1
40.1	73.1
40.7	73.1
41.3	73.1
41.9	73.1
42.5	73.1
43.1	73
43.7	73
44.4	72.9
45	73
45.7	73
46.3	73
47	73
47.7	73
48.4	73
49.1	73
49.8	73
50.5	73
51.3	73
52	73
52.8	72.9
53.5	72.9
54.3	72.9
55.1	72.9
55.9	72.8
56.7	72.8
57.5	72.8
58.4	72.8
59.2	72.8
60.1	72.8
61	72.8
61.8	72.8
62.7	72.7
63.7	72.7
64.6	72.7
65.5	72.7
66.5	72.7
67.4	72.7
68.4	72.6
69.4	72.6
70.4	72.6
71.5	72.6
72.5	72.6
73.5	72.6
74.6	72.6
75.7	72.5
76.8	72.5
77.9	72.4
79.1	72.4
80.2	72.3
81.4	72.3
82.6	72.3
83.8	72.3
85	72.2
86.2	72.2
87.5	72.2
88.7	72.2
90	72.2
91.3	72.2
92.7	72.1
94	72.1
95.4	72
96.8	72
98.2	71.9
99.6	71.8
101	71.8
103	71.8
104	71.8
106	71.7
107	71.7
109	71.6
110	71.6
112	71.5
113	71.5
115	71.4
117	71.3
118	71.3
120	71.3
122	71.2
124	71.2
125	71.2
127	71.1
129	71.1
131	71
133	71
135	70.9
137	70.9
139	70.8
141	70.8
143	70.8
145	70.7
147	70.6
149	70.5
151	70.5
154	70.4
156	70.3
158	70.3
160	70.2
163	70.1
165	70.1
168	70.1
170	70
172	69.9
175	69.9
177	69.8
180	69.7
183	69.6
185	69.6
188	69.5
191	69.5
194	69.4
196	69.4
199	69.3
202	69.2
205	69.1
208	69.1
211	69.1
214	68.9
217	68.9
220	68.8
224	68.8
227	68.7
230	68.6
234	68.5
237	68.4
240	68.3
244	68.3
247	68.2
251	68.1
255	68
258	67.9
262	67.9
266	67.8
270	67.8
274	67.7
278	67.6
282	67.6
286	67.5
290	67.4
294	67.4
298	67.3
303	67.2
307	67.1
312	67.1
316	67
321	66.9
325	66.8
330	66.8
335	66.7
340	66.6
345	66.6
350	66.5
355	66.5
360	66.4
365	66.3
371	66.2
376	66.1
382	66.1
387	66
393	66
398	65.9
404	65.8
410	65.8
416	65.7
422	65.7
428	65.6
434	65.6
441	65.5
447	65.4
454	65.4
460	65.3
467	65.3
474	65.2
481	65.2
488	65.1
495	65.1
502	65.1
509	65
517	65
524	65
532	64.9
540	64.8
547	64.8
555	64.8
563	64.7
572	64.7
580	64.7
588	64.7
597	64.7
606	64.7
614	64.6
623	64.6
632	64.6
642	64.6
651	64.6
660	64.6
670	64.6
680	64.6
690	64.6
700	64.6
710	64.6
720	64.6
731	64.6
741	64.6
752	64.6
763	64.6
774	64.7
785	64.7
797	64.7
808	64.7
820	64.8
832	64.9
844	64.9
856	65
869	65
882	65
894	65.1
907	65.1
921	65.3
934	65.3
948	65.4
961	65.5
975	65.6
990	65.7
1004	65.8
1019	65.9
1033	66
1048	66.1
1064	66.2
1079	66.5
1095	66.5
1111	66.8
1127	66.8
1143	66.9
1160	67.2
1177	67.3
1194	67.7
1211	67.9
1229	68.4
1247	68.6
1265	68.8
1283	69.5
1302	69.7
1321	70.4
1340	70.5
1360	70.8
1379	70.9
1399	71.2
1420	71.3
1440	71.3
1461	71.5
1483	71.6
1504	71.7
1526	71.8
1548	71.8
1571	71.9
1594	71.9
1617	71.9
1640	72
1664	72
1688	72.1
1713	72.1
1738	72.1
1763	72.1
1789	72.2
1815	72.2
1841	72.2
1868	72.2
1895	72.2
1923	72.2
1951	72.2
1979	72.3
2008	72.3
2037	72.3
2067	72.3
2097	72.2
2127	72.2
2158	72.2
2190	72.1
2221	72.1
2254	72.1
2287	72
2320	71.9
2354	71.8
2388	71.7
2423	71.6
2458	71.5
2494	71.4
2530	71.2
2567	71.1
2604	71
2642	70.8
2680	70.7
2719	70.5
2759	70.4
2799	70.2
2840	70
2881	70
2923	69.8
2965	69.8
3008	69.7
3052	69.7
3097	69.7
3142	69.7
3187	69.7
3234	69.7
3281	69.7
3328	69.7
3377	69.7
3426	69.8
3476	69.8
3526	69.9
3578	70
3630	70.1
3682	70.3
3736	70.4
3790	70.6
3846	70.7
3901	71
3958	71.2
4016	71.3
4074	71.4
4133	71.5
4194	71.6
4255	71.6
4316	71.5
4379	71.4
4443	71.1
4508	70.8
4573	70.3
4640	69.8
4707	69.6
4776	68.9
4845	68.4
4916	67.9
4987	67.4
5060	66.9
5133	66.5
5208	66.3
5284	65.9
5360	65.7
5438	65.5
5518	65.4
5598	65.5
5679	65.6
5762	65.9
5846	66.4
5931	66.6
6017	67.6
6104	68.4
6193	69.3
6283	70.2
6375	71.1
6467	71.9
6561	72.2
6657	72.3
6754	71.8
6852	70.9
6952	69.9
7053	68.9
7155	67.9
7259	67.1
7365	66.3
7472	65.7
7581	65.2
7691	64.8
7803	64.5
7916	64.3
8032	64.2
8148	64.2
8267	64.2
8387	64.4
8509	64.6
8633	64.9
8758	65.4
8886	65.9
9015	66.5
9146	67.3
9279	68.1
9414	68.9
9551	69.8
9690	70.4
9831	70.9
9974	70.8
10119	70.4
10266	69.7
10416	67.8
10567	67.2
10721	65.7
10877	64.2
11035	62.4
11196	60.4
11358	58.1
11524	55.8
11691	53.6
11861	51.7
12034	50.1
12209	49.1
12386	49.2
12567	50.3
12749	51.2
12935	51.4
13123	51.5
13314	51.7
13507	52.3
13704	53.1
13903	54.1
14105	55
14311	55.7
14519	56.2
14730	56.1
14944	55.6
15162	54.5
15382	53.3
15606	51.7
15833	49.5
16063	46.1
16297	45.9
16534	46.4
16774	46.8
17018	47.7
17266	48.7
17517	49.9
17772	51.4
18030	53.1
18293	56.2
18559	57.4
18829	59.5
19102	60.5
19380	59.8
20000	57.6
overall dB	94.2 dB
decay	Average
averaging	No Smoothing
source	Headset Microphone 1 Low Range


saved	15/10/22, 12:01 PM
peak	20.5Hz
