













19.5	67.567
19.8	67.567
20.1	67.567
20.3	67.641
20.6	67.822
20.9	67.906
21.2	67.983
21.6	68.188
21.9	68.2995
22.2	68.389
22.5	68.379
22.8	68.471
23.2	68.517
23.5	68.606
23.8	68.7555
24.2	68.776
24.5	68.856
24.9	68.9005
25.3	68.952
25.6	69.1915
26	69.029
26.4	69.266
26.8	69.305
27.2	69.3685
27.5	69.391
28	69.524
28.4	69.598
28.8	69.735
29.2	69.6995
29.6	69.733
30	69.872
30.5	69.88
30.9	69.934
31.4	70.054
31.8	70.215
32.3	70.25
32.8	70.281
33.2	70.312
33.7	70.414
34.2	70.515
34.7	70.4075
35.2	70.545
35.7	70.57
36.2	70.603
36.8	70.6615
37.3	70.79
37.9	70.8825
38.4	70.835
39	70.911
39.5	71.049
40.1	71.0875
40.7	71.1025
41.3	71.125
41.9	71.163
42.5	71.252
43.1	71.2445
43.7	71.3217
44.4	71.3615
45	71.3783
45.7	71.408
46.3	71.5067
47	71.553
47.7	71.7487
48.4	71.8755
49.1	72.0663
49.8	72.1903
50.5	72.035
51.3	71.8657
52	71.7737
52.8	71.7777
53.5	71.8033
54.3	71.9017
55.1	71.9263
55.9	71.9398
56.7	71.9523
57.5	71.9557
58.4	71.8955
59.2	71.8963
60.1	71.9002
61	71.925
61.8	72.0243
62.7	72.0407
63.7	72.0613
64.6	72.1565
65.5	72.1757
66.5	72.183
67.4	72.2027
68.4	72.282
69.4	72.2433
70.4	72.3878
71.5	72.3505
72.5	72.4218
73.5	72.4462
74.6	72.452
75.7	72.4594
76.8	72.465
77.9	72.4697
79.1	72.4784
80.2	72.484
81.4	72.488
82.6	72.4958
83.8	72.4892
85	72.4314
86.2	72.5876
87.5	72.6128
88.7	72.6116
90	72.6172
91.3	72.6122
92.7	72.5548
94	72.6974
95.4	72.642
96.8	72.6266
98.2	72.6368
99.6	72.7232
101	72.748
103	72.8125
104	72.6505
106	72.6237
107	72.6423
109	72.7077
110	72.7312
112	72.7173
113	72.6192
115	72.6256
117	72.709
118	72.8206
120	72.8001
122	72.719
124	72.7107
125	72.7789
127	72.7016
129	72.6955
131	72.692
133	72.688
135	72.6786
137	72.6713
139	72.6724
141	72.7754
143	72.8021
145	72.8019
147	72.7866
149	72.7028
151	72.7208
154	72.7855
156	72.7216
158	72.6983
160	72.7
163	72.7
165	72.7023
168	72.6998
170	72.6265
172	72.6957
175	72.7037
177	72.6797
180	72.603
183	72.6018
185	72.6758
188	72.6189
191	72.6854
194	72.7012
196	72.5881
199	72.5027
202	72.4963
205	72.5121
208	72.5947
211	72.5896
214	72.5093
217	72.4826
220	72.4032
224	72.3973
227	72.4
230	72.4042
234	72.3956
237	72.2289
240	72.1974
244	72.2
247	72.2
251	72.2019
255	72.1948
258	72.1082
262	72.0999
266	72.0921
270	72.0139
274	71.9928
278	71.9154
282	71.8978
286	71.9016
290	71.8915
294	71.7929
298	71.7027
303	71.6995
307	71.6891
312	71.6145
316	71.5863
321	71.5117
325	71.4856
330	71.3942
335	71.3073
340	71.2997
345	71.2917
350	71.2128
355	71.1879
360	71.11
365	71.0878
371	71.0125
376	70.9983
382	71
387	71.002
393	70.993
398	70.8917
404	70.8071
410	70.7875
416	70.7104
422	70.6895
428	70.5952
434	70.5066
441	70.4917
447	70.4015
454	70.3026
460	70.2092
467	70.1889
474	70.1127
481	70.0926
488	70.0075
495	69.9019
502	69.8099
509	69.7899
517	69.7043
524	69.6095
532	69.5921
540	69.5075
547	69.3964
555	69.2928
563	69.2094
572	69.1818
580	69.022
588	68.9852
597	68.913
606	68.8801
614	68.7169
623	68.6866
632	68.5951
642	68.5099
651	68.49
660	68.3985
670	68.298
680	68.2121
690	68.1827
700	68.0245
710	67.988
720	67.8983
731	67.8122
741	67.7767
752	67.6198
763	67.5862
774	67.5106
785	67.4892
797	67.4002
808	67.3085
820	67.2876
832	67.2109
844	67.189
856	67.0962
869	67.0078
882	66.998
894	67
907	67
921	67
934	67
948	67
961	66.9981
975	67.0103
990	67.0875
1004	67.1106
1019	67.1854
1033	67.2223
1048	67.3902
1064	67.5089
1079	67.6888
1095	67.8108
1111	67.9787
1127	68.01
1143	68.1107
1160	68.2871
1177	68.4196
1194	68.6787
1211	68.8177
1229	68.9812
1247	69.0112
1265	69.0983
1283	69.1997
1302	69.3114
1321	69.4801
1340	69.5114
1360	69.5985
1379	69.6925
1399	69.7017
1420	69.7
1440	69.7
1461	69.7
1483	69.7
1504	69.7
1526	69.7018
1548	69.6896
1571	69.6097
1594	69.5981
1617	69.6018
1640	69.5896
1664	69.511
1688	69.4877
1713	69.4113
1738	69.3887
1763	69.3095
1789	69.2999
1815	69.2905
1841	69.2094
1868	69.1982
1895	69.2
1923	69.2017
1951	69.1907
1979	69.1096
2008	69.0981
2037	69.0982
2067	69.1091
2097	69.1897
2127	69.2018
2158	69.1981
2190	69.2075
2221	69.3012
2254	69.3905
2287	69.4092
2320	69.4975
2354	69.599
2388	69.6976
2423	69.8098
2458	69.9766
2494	70.0294
2530	70.2777
2567	70.3994
2604	70.5189
2642	70.7766
2680	70.924
2719	71.1764
2759	71.3274
2799	71.6867
2840	71.9868
2881	72.2321
2923	72.6554
2965	72.8469
3008	73.2696
3052	73.524
3097	73.8867
3142	74.2004
3187	74.5051
3234	74.7819
3281	74.9127
3328	75.0895
3377	75.2133
3426	75.3808
3476	75.4132
3526	75.4925
3578	75.4944
3630	75.4005
3682	75.3131
3736	75.2706
3790	75.0252
3846	74.8738
3901	74.5029
3958	74.1004
4016	73.6893
4074	73.227
4133	72.8352
4194	72.0714
4255	71.6374
4316	70.8345
4379	70.3049
4443	70.0025
4508	69.8032
4573	69.7139
4640	69.7927
4707	69.9195
4776	70.1797
4845	70.3073
4916	70.3861
4987	70.2959
5060	70.1027
5133	69.9088
5208	69.6524
5284	69.0587
5360	68.743
5438	68.1287
5518	67.696
5598	67.3008
5679	66.8988
5762	66.4965
5846	66.1255
5931	65.8514
6017	65.2408
6104	64.8896
6193	64.6068
6283	64.3974
6375	64.1965
6467	64.0153
6561	63.9964
6657	63.9982
6754	64.0078
6852	64.0964
6952	64.2056
7053	64.4056
7155	64.6975
7259	65.0091
7365	65.395
7472	65.8168
7581	66.3945
7691	67.0086
7803	67.6954
7916	68.4185
8032	69.3051
8148	70.1448
8267	70.701
8387	71.933
8509	72.7058
8633	73.1799
8758	73.283
8886	72.981
9015	72.2875
9146	71.2784
9279	70.0039
9414	68.682
9551	67.1926
9690	65.5967
9831	64.0046
9974	62.4933
10119	61.0138
10266	59.532
10416	57.8206
10567	57.0343
10721	56.0166
10877	54.9942
11035	54.0134
11196	53.2015
11358	52.5089
11524	52.0085
11691	51.7062
11861	51.6143
12034	51.8123
12209	52.3165
12386	53.101
12567	54.0117
12749	55.0992
12935	56.3507
13123	57.7937
13314	58.3534
13507	58.9686
13704	59.2938
13903	59.3995
14105	59.3896
14311	59.1827
14519	58.8308
14730	58.6787
14944	58.4031
15162	58.1036
15382	57.7839
15606	57.3124
15833	56.7495
16063	55.8748
16297	55.2864
16534	54.0009
16774	53.2345
17018	52.0991
17266	50.9131
17517	50.2875
17772	50.9478
18030	52.2199
18293	52.6758
18559	52.6194
18829	52.7197
19102	53.0953
19380	53.4729
20000	53.7003
