












Frequency	dB	Unweighted
19.5	68.3
19.8	68.4
20.1	68.6
20.3	68.7
20.6	68.9
20.9	69
21.2	69
21.6	69.2
21.9	69.3
22.2	69.4
22.5	69.4
22.8	69.5
23.2	69.5
23.5	69.6
23.8	69.7
24.2	69.7
24.5	69.8
24.9	69.9
25.3	70
25.6	70
26	70.1
26.4	70.1
26.8	70.1
27.2	70.2
27.5	70.3
28	70.4
28.4	70.4
28.8	70.5
29.2	70.5
29.6	70.5
30	70.6
30.5	70.7
30.9	70.7
31.4	70.7
31.8	70.7
32.3	70.7
32.8	70.8
33.2	70.8
33.7	70.8
34.2	70.9
34.7	70.9
35.2	70.9
35.7	70.9
36.2	70.9
36.8	70.9
37.3	70.9
37.9	70.9
38.4	70.9
39	71
39.5	71
40.1	71.1
40.7	71.1
41.3	71.1
41.9	71.1
42.5	71.2
43.1	71.1
43.7	71.1
44.4	71.1
45	71
45.7	71
46.3	71.1
47	71.1
47.7	71.1
48.4	71.1
49.1	71.2
49.8	71.2
50.5	71.1
51.3	71.1
52	71
52.8	71
53.5	71
54.3	70.9
55.1	70.9
55.9	70.8
56.7	70.8
57.5	70.7
58.4	70.7
59.2	70.6
60.1	70.6
61	70.6
61.8	70.5
62.7	70.5
63.7	70.6
64.6	70.5
65.5	70.4
66.5	70.4
67.4	70.3
68.4	70.3
69.4	70.2
70.4	70.2
71.5	70.1
72.5	70.1
73.5	70.1
74.6	70
75.7	69.9
76.8	69.9
77.9	69.8
79.1	69.8
80.2	69.7
81.4	69.6
82.6	69.6
83.8	69.5
85	69.5
86.2	69.4
87.5	69.3
88.7	69.2
90	69.2
91.3	69.1
92.7	69
94	69
95.4	68.9
96.8	68.9
98.2	68.8
99.6	68.7
101	68.6
103	68.6
104	68.5
106	68.4
107	68.4
109	68.3
110	68.2
112	68.1
113	68.1
115	68
117	68
118	67.9
120	67.8
122	67.7
124	67.6
125	67.5
127	67.5
129	67.4
131	67.3
133	67.3
135	67.2
137	67
139	67
141	66.9
143	66.8
145	66.7
147	66.7
149	66.6
151	66.5
154	66.4
156	66.3
158	66.2
160	66.2
163	66.1
165	66
168	66
170	65.8
172	65.8
175	65.7
177	65.7
180	65.5
183	65.4
185	65.3
188	65.2
191	65.2
194	65.1
196	65.1
199	65
202	64.9
205	64.8
208	64.7
211	64.7
214	64.6
217	64.6
220	64.4
224	64.4
227	64.3
230	64.2
234	64.1
237	64
240	64
244	63.9
247	63.8
251	63.8
255	63.7
258	63.6
262	63.5
266	63.5
270	63.4
274	63.4
278	63.3
282	63.2
286	63.2
290	63.1
294	63
298	63
303	62.9
307	62.8
312	62.7
316	62.7
321	62.6
325	62.6
330	62.5
335	62.5
340	62.4
345	62.4
350	62.3
355	62.2
360	62.2
365	62.1
371	62.1
376	62
382	62
387	61.9
393	61.9
398	61.8
404	61.8
410	61.8
416	61.7
422	61.7
428	61.7
434	61.7
441	61.7
447	61.6
454	61.6
460	61.6
467	61.6
474	61.6
481	61.5
488	61.5
495	61.5
502	61.5
509	61.5
517	61.5
524	61.5
532	61.5
540	61.5
547	61.5
555	61.5
563	61.5
572	61.5
580	61.6
588	61.6
597	61.6
606	61.6
614	61.6
623	61.6
632	61.7
642	61.8
651	61.8
660	61.8
670	61.8
680	61.8
690	61.9
700	62
710	61.9
720	62
731	62
741	62.1
752	62.2
763	62.2
774	62.4
785	62.4
797	62.4
808	62.6
820	62.6
832	62.8
844	62.9
856	63.2
869	63.3
882	63.5
894	63.6
907	63.7
921	64
934	64.1
948	64.5
961	64.6
975	64.9
990	65
1004	65.2
1019	65.5
1033	65.7
1048	66.1
1064	66.3
1079	66.8
1095	67
1111	67.5
1127	67.7
1143	67.8
1160	68.3
1177	68.5
1194	69.2
1211	69.4
1229	69.9
1247	70.1
1265	70.2
1283	70.7
1302	70.8
1321	71.5
1340	71.6
1360	72
1379	72.1
1399	72.6
1420	72.7
1440	72.8
1461	73.3
1483	73.4
1504	73.7
1526	73.8
1548	74.1
1571	74.2
1594	74.3
1617	74.5
1640	74.6
1664	74.9
1688	75
1713	75.1
1738	75.2
1763	75.3
1789	75.4
1815	75.4
1841	75.5
1868	75.6
1895	75.6
1923	75.7
1951	75.7
1979	75.7
2008	75.8
2037	75.8
2067	75.8
2097	75.8
2127	75.9
2158	75.9
2190	75.9
2221	75.9
2254	75.9
2287	76
2320	76
2354	76
2388	76.1
2423	76.1
2458	76.2
2494	76.2
2530	76.2
2567	76.3
2604	76.4
2642	76.4
2680	76.4
2719	76.5
2759	76.5
2799	76.6
2840	76.6
2881	76.7
2923	76.7
2965	76.7
3008	76.7
3052	76.7
3097	76.7
3142	76.7
3187	76.6
3234	76.6
3281	76.5
3328	76.4
3377	76.4
3426	76.2
3476	76.1
3526	75.8
3578	75.6
3630	75.5
3682	75.1
3736	74.9
3790	74.4
3846	74.3
3901	73.9
3958	73.7
4016	73.5
4074	73.4
4133	73.4
4194	73.4
4255	73.4
4316	73.5
4379	73.7
4443	73.8
4508	74
4573	74.3
4640	74.5
4707	74.7
4776	75.2
4845	75.6
4916	75.9
4987	76.3
5060	76.6
5133	76.9
5208	77
5284	77
5360	76.9
5438	76.3
5518	75.7
5598	75.1
5679	74.3
5762	73.6
5846	72.8
5931	72.5
6017	71.4
6104	70.8
6193	70.2
6283	69.7
6375	69.3
6467	68.9
6561	68.7
6657	68.3
6754	68.1
6852	68
6952	68
7053	68.1
7155	68.2
7259	68.4
7365	68.7
7472	69.1
7581	69.6
7691	70.1
7803	70.6
7916	71
8032	71.1
8148	70.9
8267	70.7
8387	69.3
8509	68.2
8633	67.1
8758	66
8886	65
9015	64.1
9146	63.4
9279	62.7
9414	62.1
9551	61.6
9690	61.3
9831	61
9974	60.7
10119	60.5
10266	60.2
10416	59.7
10567	59.5
10721	59.1
10877	58.7
11035	58.1
11196	57.4
11358	56.7
11524	55.9
11691	55.2
11861	54.6
12034	54.1
12209	53.8
12386	53.6
12567	53.6
12749	53.7
12935	54
13123	54.5
13314	54.6
13507	54.9
13704	55.1
13903	55.2
14105	55.3
14311	55.3
14519	55.5
14730	55.7
14944	56
15162	56.4
15382	56.9
15606	57.5
15833	58
16063	58.3
16297	58.3
16534	58
16774	57.8
17018	57.5
17266	57.3
17517	57
17772	56.6
18030	56.3
18293	56
18559	56
18829	56.1
19102	56.2
19380	55.8
20000	54.2
overall dB	94.6 dB
decay	Average
averaging	No Smoothing
source	Headset Mic 1 Low Range


saved	19/7/20, 4:00 PM
peak	24.9Hz
