












Frequency	dB	Unweighted
19.5	70.7
19.8	70.7
20.1	70.8
20.3	70.8
20.6	70.8
20.9	70.8
21.2	70.8
21.6	70.8
21.9	70.8
22.2	70.8
22.5	70.8
22.8	70.8
23.2	70.8
23.5	70.8
23.8	70.8
24.2	70.8
24.5	70.8
24.9	70.8
25.3	70.8
25.6	70.8
26	70.8
26.4	70.8
26.8	70.8
27.2	70.8
27.5	70.8
28	70.8
28.4	70.7
28.8	70.7
29.2	70.7
29.6	70.7
30	70.7
30.5	70.7
30.9	70.6
31.4	70.6
31.8	70.6
32.3	70.6
32.8	70.6
33.2	70.5
33.7	70.5
34.2	70.5
34.7	70.4
35.2	70.4
35.7	70.4
36.2	70.3
36.8	70.2
37.3	70.2
37.9	70.1
38.4	70.1
39	69.9
39.5	69.9
40.1	69.8
40.7	69.7
41.3	69.6
41.9	69.6
42.5	69.5
43.1	69.4
43.7	69.4
44.4	69.3
45	69.3
45.7	69.3
46.3	69.2
47	69.2
47.7	69.1
48.4	69.1
49.1	69
49.8	68.9
50.5	68.9
51.3	68.8
52	68.7
52.8	68.6
53.5	68.6
54.3	68.6
55.1	68.5
55.9	68.5
56.7	68.4
57.5	68.4
58.4	68.3
59.2	68.3
60.1	68.2
61	68.2
61.8	68.2
62.7	68.2
63.7	68.2
64.6	68.1
65.5	68.1
66.5	68
67.4	68
68.4	67.9
69.4	67.8
70.4	67.8
71.5	67.8
72.5	67.8
73.5	67.8
74.6	67.7
75.7	67.7
76.8	67.6
77.9	67.6
79.1	67.5
80.2	67.5
81.4	67.5
82.6	67.5
83.8	67.4
85	67.3
86.2	67.2
87.5	67.2
88.7	67.1
90	67
91.3	67
92.7	67
94	67
95.4	66.9
96.8	66.9
98.2	66.8
99.6	66.8
101	66.7
103	66.7
104	66.6
106	66.6
107	66.6
109	66.5
110	66.4
112	66.4
113	66.4
115	66.2
117	66.1
118	66.1
120	66.2
122	66.1
124	66
125	66
127	66
129	66
131	66
133	65.9
135	65.9
137	65.9
139	65.9
141	65.8
143	65.8
145	65.7
147	65.7
149	65.6
151	65.6
154	65.5
156	65.5
158	65.5
160	65.5
163	65.4
165	65.3
168	65.3
170	65.2
172	65.3
175	65.3
177	65.3
180	65.3
183	65.3
185	65.2
188	65.3
191	65.2
194	65.2
196	65.2
199	65.2
202	65.1
205	65.1
208	65.1
211	65.1
214	65.2
217	65.2
220	65.2
224	65.1
227	65.2
230	65.2
234	65.3
237	65.2
240	65.2
244	65.2
247	65.2
251	65.2
255	65.2
258	65.2
262	65.3
266	65.3
270	65.3
274	65.3
278	65.3
282	65.3
286	65.3
290	65.3
294	65.3
298	65.3
303	65.4
307	65.4
312	65.4
316	65.3
321	65.3
325	65.3
330	65.4
335	65.3
340	65.3
345	65.3
350	65.3
355	65.4
360	65.3
365	65.3
371	65.3
376	65.3
382	65.3
387	65.3
393	65.2
398	65.2
404	65.2
410	65.2
416	65.1
422	65.1
428	65.1
434	65.1
441	65.1
447	65.1
454	65.1
460	65
467	65
474	65
481	65
488	64.9
495	65
502	65
509	65
517	65
524	65
532	65
540	65
547	65
555	65.1
563	65.2
572	65.1
580	65.1
588	65.2
597	65.3
606	65.4
614	65.3
623	65.3
632	65.3
642	65.3
651	65.4
660	65.4
670	65.4
680	65.6
690	65.6
700	65.7
710	65.7
720	65.7
731	65.8
741	65.8
752	65.7
763	65.7
774	65.5
785	65.4
797	65.4
808	65.2
820	65.1
832	64.9
844	64.8
856	64.3
869	64.2
882	63.8
894	63.7
907	63.5
921	63.1
934	63
948	62.7
961	62.5
975	62.3
990	62.3
1004	62.2
1019	62.1
1033	62.1
1048	62.1
1064	62.2
1079	62.4
1095	62.4
1111	62.7
1127	62.7
1143	62.8
1160	63.1
1177	63.2
1194	63.6
1211	63.7
1229	63.9
1247	64
1265	64.1
1283	64.4
1302	64.4
1321	64.7
1340	64.7
1360	64.9
1379	64.9
1399	65.1
1420	65.1
1440	65.1
1461	65.3
1483	65.3
1504	65.5
1526	65.6
1548	65.8
1571	65.9
1594	66.1
1617	66.5
1640	66.6
1664	67.1
1688	67.2
1713	67.5
1738	67.6
1763	67.8
1789	67.9
1815	67.9
1841	68.1
1868	68.1
1895	68.3
1923	68.3
1951	68.4
1979	68.4
2008	68.5
2037	68.6
2067	68.6
2097	68.7
2127	68.8
2158	68.9
2190	68.9
2221	69
2254	69.2
2287	69.2
2320	69.5
2354	69.6
2388	69.8
2423	69.9
2458	70.2
2494	70.4
2530	70.7
2567	70.9
2604	71
2642	71.5
2680	71.6
2719	71.9
2759	72
2799	72.3
2840	72.6
2881	72.7
2923	73
2965	73.1
3008	73.5
3052	73.6
3097	73.8
3142	73.9
3187	74.2
3234	74.4
3281	74.4
3328	74.3
3377	74.3
3426	74.1
3476	74.1
3526	73.8
3578	73.6
3630	73.4
3682	73.2
3736	73.1
3790	72.9
3846	72.8
3901	72.7
3958	72.6
4016	72.6
4074	72.7
4133	72.7
4194	72.8
4255	72.9
4316	73.1
4379	73.2
4443	73.4
4508	73.5
4573	73.7
4640	73.8
4707	73.9
4776	74.1
4845	74.2
4916	74.3
4987	74.3
5060	74.3
5133	74.2
5208	74.1
5284	73.7
5360	73.6
5438	73.1
5518	72.8
5598	72.4
5679	72.1
5762	71.7
5846	71.4
5931	71.2
6017	70.9
6104	70.7
6193	70.5
6283	70.5
6375	70.4
6467	70.4
6561	70.5
6657	70.7
6754	70.9
6852	71.1
6952	71.5
7053	71.8
7155	72.1
7259	72.4
7365	72.6
7472	72.6
7581	72.3
7691	71.7
7803	70.8
7916	69.8
8032	68.7
8148	67.6
8267	67.1
8387	65.6
8509	64.7
8633	63.9
8758	63.2
8886	62.6
9015	61.9
9146	61.2
9279	60.5
9414	59.8
9551	59.2
9690	58.7
9831	58.5
9974	58.6
10119	59.3
10266	60.2
10416	61.3
10567	61.4
10721	61.6
10877	61.8
11035	62
11196	62.4
11358	62.9
11524	63.5
11691	64.1
11861	64.7
12034	65.4
12209	66
12386	66.5
12567	66.7
12749	66.7
12935	66.5
13123	65.8
13314	65.5
13507	65
13704	64.4
13903	64.1
14105	63.9
14311	63.9
14519	64.1
14730	64.3
14944	64.6
15162	65
15382	65.3
15606	65.2
15833	64.8
16063	63.9
16297	63.6
16534	62.5
16774	62
17018	60.7
17266	59.4
17517	58
17772	56.3
18030	54.7
18293	53.5
18559	52.6
18829	50.8
19102	50.2
19380	50.2
20000	49.4
overall dB	92.8 dB
decay	Average
averaging	No Smoothing
source	Headset Microphone 1 Low Range


saved	29/8/22, 2:58 AM
peak	17.7Hz
