












Frequency	dB	Unweighted
19.5	71.7
19.8	71.8
20.1	71.8
20.3	71.9
20.6	71.9
20.9	71.9
21.2	71.9
21.6	72
21.9	72
22.2	72
22.5	72.1
22.8	72.1
23.2	72.1
23.5	72.2
23.8	72.2
24.2	72.2
24.5	72.3
24.9	72.3
25.3	72.3
25.6	72.4
26	72.4
26.4	72.4
26.8	72.4
27.2	72.4
27.5	72.4
28	72.4
28.4	72.4
28.8	72.5
29.2	72.5
29.6	72.5
30	72.4
30.5	72.4
30.9	72.4
31.4	72.4
31.8	72.4
32.3	72.4
32.8	72.4
33.2	72.4
33.7	72.4
34.2	72.3
34.7	72.3
35.2	72.3
35.7	72.3
36.2	72.3
36.8	72.3
37.3	72.3
37.9	72.3
38.4	72.2
39	72.2
39.5	72.2
40.1	72.1
40.7	72.1
41.3	72.1
41.9	72.1
42.5	72.1
43.1	72
43.7	72
44.4	71.9
45	71.9
45.7	71.9
46.3	71.9
47	71.9
47.7	71.8
48.4	71.8
49.1	71.7
49.8	71.7
50.5	71.7
51.3	71.6
52	71.6
52.8	71.5
53.5	71.5
54.3	71.4
55.1	71.4
55.9	71.3
56.7	71.2
57.5	71.2
58.4	71.1
59.2	71
60.1	71
61	71
61.8	70.9
62.7	70.9
63.7	70.8
64.6	70.8
65.5	70.7
66.5	70.7
67.4	70.6
68.4	70.4
69.4	70.4
70.4	70.4
71.5	70.4
72.5	70.5
73.5	70.4
74.6	70.3
75.7	70.2
76.8	70.2
77.9	70.1
79.1	70
80.2	69.9
81.4	69.8
82.6	69.8
83.8	69.7
85	69.7
86.2	69.7
87.5	69.6
88.7	69.6
90	69.5
91.3	69.4
92.7	69.4
94	69.3
95.4	69.3
96.8	69.2
98.2	69
99.6	68.9
101	68.9
103	68.9
104	68.8
106	68.7
107	68.7
109	68.6
110	68.6
112	68.6
113	68.5
115	68.5
117	68.3
118	68.3
120	68.2
122	68.1
124	68.1
125	68.1
127	68
129	67.9
131	67.8
133	67.7
135	67.7
137	67.7
139	67.7
141	67.6
143	67.5
145	67.4
147	67.3
149	67.3
151	67.2
154	67.1
156	67.1
158	67
160	67
163	66.9
165	66.9
168	66.9
170	66.8
172	66.8
175	66.7
177	66.7
180	66.6
183	66.6
185	66.6
188	66.5
191	66.5
194	66.4
196	66.4
199	66.4
202	66.4
205	66.4
208	66.3
211	66.2
214	66.2
217	66.1
220	66.1
224	66.1
227	66.1
230	66
234	66
237	65.9
240	65.9
244	65.9
247	65.9
251	65.8
255	65.8
258	65.8
262	65.7
266	65.7
270	65.8
274	65.7
278	65.7
282	65.7
286	65.7
290	65.7
294	65.7
298	65.7
303	65.7
307	65.6
312	65.6
316	65.6
321	65.6
325	65.6
330	65.6
335	65.6
340	65.5
345	65.5
350	65.6
355	65.6
360	65.6
365	65.6
371	65.6
376	65.6
382	65.6
387	65.7
393	65.6
398	65.6
404	65.6
410	65.7
416	65.7
422	65.7
428	65.7
434	65.7
441	65.7
447	65.7
454	65.8
460	65.8
467	65.8
474	65.8
481	65.8
488	65.8
495	65.8
502	65.8
509	65.9
517	65.9
524	66
532	66
540	65.9
547	65.9
555	66
563	66
572	66
580	66.1
588	66.1
597	66.1
606	66.1
614	66.1
623	66.1
632	66.1
642	66.1
651	66.1
660	66.2
670	66.2
680	66.2
690	66.2
700	66.2
710	66.2
720	66.2
731	66.2
741	66.2
752	66.2
763	66.2
774	66.3
785	66.3
797	66.3
808	66.3
820	66.4
832	66.4
844	66.4
856	66.4
869	66.5
882	66.5
894	66.5
907	66.5
921	66.6
934	66.7
948	66.8
961	66.8
975	67
990	67
1004	67.1
1019	67.2
1033	67.3
1048	67.5
1064	67.5
1079	67.8
1095	67.9
1111	68.1
1127	68.3
1143	68.3
1160	68.6
1177	68.7
1194	69
1211	69.1
1229	69.3
1247	69.4
1265	69.5
1283	69.7
1302	69.8
1321	70.1
1340	70.2
1360	70.4
1379	70.4
1399	70.7
1420	70.7
1440	70.8
1461	71
1483	71.1
1504	71.3
1526	71.4
1548	71.5
1571	71.6
1594	71.6
1617	71.9
1640	71.9
1664	72.1
1688	72.2
1713	72.4
1738	72.4
1763	72.6
1789	72.7
1815	72.7
1841	72.9
1868	72.9
1895	73
1923	73.1
1951	73.1
1979	73.1
2008	73.2
2037	73.2
2067	73.2
2097	73.2
2127	73.3
2158	73.2
2190	73.2
2221	73.2
2254	73.2
2287	73.2
2320	73.1
2354	73.1
2388	73.1
2423	73
2458	73
2494	73
2530	72.9
2567	72.8
2604	72.8
2642	72.8
2680	72.7
2719	72.8
2759	72.8
2799	73.1
2840	73.4
2881	73.6
2923	74.2
2965	74.4
3008	75
3052	75.2
3097	75.6
3142	75.9
3187	76.1
3234	76.3
3281	76.3
3328	76.4
3377	76.4
3426	76.3
3476	76.2
3526	75.9
3578	75.7
3630	75.6
3682	75.1
3736	75
3790	74.4
3846	74.3
3901	73.6
3958	73.2
4016	72.7
4074	72.3
4133	72.1
4194	71.4
4255	71.2
4316	70.6
4379	70.2
4443	69.9
4508	69.6
4573	69.3
4640	69
4707	68.8
4776	68.4
4845	68.2
4916	68
4987	67.8
5060	67.6
5133	67.5
5208	67.5
5284	67.4
5360	67.4
5438	67.5
5518	67.5
5598	67.7
5679	67.8
5762	68.1
5846	68.4
5931	68.7
6017	69.3
6104	69.9
6193	70.6
6283	71.5
6375	72.2
6467	72.9
6561	73.4
6657	75
6754	75.7
6852	76.2
6952	76.4
7053	76.5
7155	76.3
7259	76
7365	75.6
7472	75.1
7581	74.5
7691	73.6
7803	72.6
7916	71.6
8032	70.8
8148	70.4
8267	70.3
8387	70.8
8509	71.3
8633	71.7
8758	71.6
8886	71
9015	69.8
9146	68.3
9279	66.8
9414	65.3
9551	63.9
9690	62.7
9831	61.6
9974	60.6
10119	59.8
10266	59.1
10416	58.2
10567	57.9
10721	57.5
10877	57.2
11035	57
11196	56.9
11358	56.9
11524	57.1
11691	57.4
11861	57.8
12034	58.3
12209	58.8
12386	59.5
12567	60.3
12749	61.1
12935	62.1
13123	63.7
13314	64.2
13507	65
13704	65.8
13903	66.6
14105	67.1
14311	66.9
14519	66.4
14730	66.2
14944	66
15162	65.9
15382	65.8
15606	66
15833	66.8
16063	69.4
16297	71.1
16534	76.8
16774	76.4
17018	73.5
17266	69.2
17517	66
17772	63.3
18030	60.7
18293	56.4
18559	54.7
18829	50.8
19102	45.7
19380	42
20000	40.6
overall dB	94.5 dB
decay	Average
averaging	No Smoothing
source	Headset Mic 1 Low Range


saved	21/6/20, 12:17 AM
peak	19.0Hz
