












Frequency	dB	Unweighted
19.5	66.1
19.8	66.2
20.1	66.3
20.3	66.3
20.6	66.5
20.9	66.5
21.2	66.5
21.6	66.7
21.9	66.7
22.2	66.8
22.5	66.8
22.8	66.9
23.2	66.9
23.5	66.9
23.8	67.1
24.2	67.1
24.5	67.2
24.9	67.2
25.3	67.3
25.6	67.3
26	67.4
26.4	67.4
26.8	67.5
27.2	67.6
27.5	67.6
28	67.7
28.4	67.7
28.8	67.7
29.2	67.7
29.6	67.8
30	67.8
30.5	67.8
30.9	67.9
31.4	67.9
31.8	67.9
32.3	67.9
32.8	68
33.2	68
33.7	68
34.2	68
34.7	68.1
35.2	68.1
35.7	68.1
36.2	68.1
36.8	68.2
37.3	68.2
37.9	68.2
38.4	68.2
39	68.1
39.5	68.1
40.1	68.1
40.7	68.1
41.3	68.2
41.9	68.2
42.5	68.2
43.1	68.2
43.7	68.2
44.4	68.3
45	68.3
45.7	68.3
46.3	68.4
47	68.4
47.7	68.4
48.4	68.4
49.1	68.4
49.8	68.4
50.5	68.3
51.3	68.3
52	68.3
52.8	68.3
53.5	68.3
54.3	68.3
55.1	68.3
55.9	68.3
56.7	68.3
57.5	68.3
58.4	68.2
59.2	68.2
60.1	68.2
61	68.2
61.8	68.2
62.7	68.2
63.7	68.2
64.6	68.2
65.5	68.2
66.5	68.2
67.4	68.2
68.4	68.2
69.4	68.2
70.4	68.1
71.5	68.1
72.5	68
73.5	68
74.6	67.9
75.7	67.9
76.8	67.9
77.9	67.9
79.1	67.9
80.2	67.9
81.4	67.9
82.6	68
83.8	68
85	68
86.2	67.9
87.5	67.9
88.7	67.8
90	67.7
91.3	67.7
92.7	67.7
94	67.7
95.4	67.7
96.8	67.7
98.2	67.7
99.6	67.6
101	67.6
103	67.6
104	67.6
106	67.6
107	67.6
109	67.6
110	67.5
112	67.5
113	67.6
115	67.5
117	67.5
118	67.5
120	67.5
122	67.4
124	67.4
125	67.4
127	67.3
129	67.3
131	67.3
133	67.3
135	67.2
137	67.2
139	67.2
141	67.2
143	67.2
145	67.1
147	67.1
149	67.1
151	67.1
154	67
156	67
158	67.1
160	67.1
163	67
165	67
168	66.9
170	66.9
172	66.9
175	67
177	66.9
180	66.9
183	66.9
185	66.9
188	66.9
191	66.9
194	66.8
196	66.8
199	66.9
202	66.9
205	66.9
208	66.8
211	66.7
214	66.7
217	66.7
220	66.7
224	66.7
227	66.7
230	66.7
234	66.7
237	66.6
240	66.6
244	66.6
247	66.6
251	66.6
255	66.6
258	66.5
262	66.6
266	66.6
270	66.5
274	66.5
278	66.5
282	66.5
286	66.5
290	66.4
294	66.4
298	66.3
303	66.4
307	66.4
312	66.4
316	66.4
321	66.4
325	66.3
330	66.3
335	66.3
340	66.3
345	66.3
350	66.3
355	66.3
360	66.2
365	66.2
371	66.2
376	66.2
382	66.2
387	66.2
393	66.2
398	66.2
404	66.2
410	66.2
416	66.1
422	66.1
428	66.1
434	66
441	66.1
447	66.1
454	66.1
460	66
467	66
474	66
481	66
488	66
495	66
502	66
509	65.9
517	66
524	66
532	66
540	66
547	66
555	66
563	66.1
572	66.1
580	66
588	66
597	66
606	66
614	66
623	66
632	66
642	65.9
651	66
660	66
670	66
680	65.9
690	66
700	66
710	66
720	66
731	66
741	66
752	66
763	66
774	65.9
785	66
797	66
808	66
820	66
832	66
844	66
856	66.1
869	66.1
882	66.2
894	66.2
907	66.2
921	66.3
934	66.3
948	66.5
961	66.5
975	66.7
990	66.8
1004	66.9
1019	67.1
1033	67.1
1048	67.4
1064	67.5
1079	67.9
1095	68.1
1111	68.4
1127	68.5
1143	68.6
1160	69
1177	69.1
1194	69.6
1211	69.7
1229	70.1
1247	70.2
1265	70.3
1283	70.7
1302	70.7
1321	71.1
1340	71.2
1360	71.5
1379	71.6
1399	71.8
1420	71.9
1440	72
1461	72.3
1483	72.3
1504	72.6
1526	72.7
1548	72.8
1571	72.9
1594	73
1617	73.1
1640	73.2
1664	73.5
1688	73.6
1713	73.8
1738	73.9
1763	74
1789	74.1
1815	74.2
1841	74.5
1868	74.6
1895	74.8
1923	74.9
1951	75.1
1979	75.2
2008	75.4
2037	75.6
2067	75.7
2097	75.9
2127	76
2158	76.3
2190	76.3
2221	76.6
2254	76.7
2287	76.7
2320	77
2354	77.1
2388	77.2
2423	77.3
2458	77.4
2494	77.4
2530	77.6
2567	77.6
2604	77.6
2642	77.6
2680	77.6
2719	77.6
2759	77.5
2799	77.5
2840	77.4
2881	77.4
2923	77.2
2965	77.1
3008	77
3052	76.9
3097	76.7
3142	76.5
3187	76.4
3234	76.2
3281	76.1
3328	75.9
3377	75.8
3426	75.6
3476	75.5
3526	75.3
3578	75.1
3630	75.1
3682	74.9
3736	74.8
3790	74.6
3846	74.5
3901	74.3
3958	74.2
4016	74.1
4074	73.9
4133	73.8
4194	73.6
4255	73.6
4316	73.4
4379	73.2
4443	73.1
4508	72.9
4573	72.7
4640	72.5
4707	72.4
4776	72.1
4845	71.9
4916	71.6
4987	71.4
5060	71.1
5133	70.8
5208	70.6
5284	70.2
5360	70
5438	69.5
5518	69.1
5598	68.8
5679	68.4
5762	68.1
5846	67.7
5931	67.6
6017	67
6104	66.7
6193	66.4
6283	66.1
6375	65.8
6467	65.5
6561	65.4
6657	65
6754	64.8
6852	64.6
6952	64.5
7053	64.4
7155	64.3
7259	64.2
7365	64.2
7472	64.2
7581	64.3
7691	64.3
7803	64.5
7916	64.7
8032	64.9
8148	65.2
8267	65.4
8387	66
8509	66.5
8633	67.1
8758	67.7
8886	68.3
9015	68.9
9146	69.5
9279	70.1
9414	70.5
9551	70.7
9690	70.5
9831	70
9974	69.2
10119	68.2
10266	66.9
10416	64.9
10567	64.2
10721	62.7
10877	61.1
11035	59.7
11196	58.2
11358	56.9
11524	55.7
11691	54.6
11861	53.7
12034	53
12209	52.5
12386	52.1
12567	52
12749	52.1
12935	52.4
13123	53
13314	53.3
13507	54
13704	54.8
13903	55.7
14105	56.8
14311	58.1
14519	60.4
14730	61.3
14944	63.3
15162	65.3
15382	66.7
15606	66.8
15833	65.6
16063	63.2
16297	62.4
16534	60.1
16774	59.3
17018	57.7
17266	55.9
17517	53.9
17772	51.7
18030	49.4
18293	45.5
18559	44
18829	40.8
19102	37.1
19380	33.1
20000	28.9
overall dB	94 dB
decay	Average
averaging	No Smoothing
source	Headset Mic 1 Low Range


saved	9/7/19, 7:51 PM
peak	22.0Hz
