












Frequency	dB	Unweighted
19.5	67.6
19.8	67.6
20.1	67.8
20.3	67.8
20.6	67.9
20.9	67.9
21.2	68
21.6	68.1
21.9	68.1
22.2	68.2
22.5	68.3
22.8	68.4
23.2	68.4
23.5	68.4
23.8	68.5
24.2	68.6
24.5	68.6
24.9	68.6
25.3	68.7
25.6	68.7
26	68.7
26.4	68.8
26.8	68.8
27.2	68.8
27.5	68.8
28	68.9
28.4	68.9
28.8	69
29.2	69
29.6	69
30	69
30.5	69
30.9	69.1
31.4	69.1
31.8	69.1
32.3	69.1
32.8	69.2
33.2	69.2
33.7	69.3
34.2	69.3
34.7	69.3
35.2	69.4
35.7	69.4
36.2	69.4
36.8	69.4
37.3	69.4
37.9	69.4
38.4	69.5
39	69.5
39.5	69.5
40.1	69.6
40.7	69.6
41.3	69.6
41.9	69.6
42.5	69.6
43.1	69.6
43.7	69.6
44.4	69.5
45	69.5
45.7	69.6
46.3	69.6
47	69.6
47.7	69.7
48.4	69.7
49.1	69.7
49.8	69.7
50.5	69.7
51.3	69.7
52	69.7
52.8	69.7
53.5	69.7
54.3	69.7
55.1	69.7
55.9	69.7
56.7	69.7
57.5	69.7
58.4	69.8
59.2	69.8
60.1	69.8
61	69.7
61.8	69.7
62.7	69.7
63.7	69.7
64.6	69.8
65.5	69.8
66.5	69.8
67.4	69.8
68.4	69.7
69.4	69.6
70.4	69.7
71.5	69.8
72.5	69.9
73.5	69.9
74.6	69.9
75.7	69.9
76.8	69.9
77.9	69.8
79.1	69.7
80.2	69.7
81.4	69.7
82.6	69.7
83.8	69.7
85	69.7
86.2	69.8
87.5	69.8
88.7	69.8
90	69.8
91.3	69.8
92.7	69.8
94	69.8
95.4	69.8
96.8	69.8
98.2	69.7
99.6	69.6
101	69.6
103	69.7
104	69.7
106	69.7
107	69.6
109	69.6
110	69.7
112	69.7
113	69.8
115	69.7
117	69.6
118	69.6
120	69.6
122	69.6
124	69.6
125	69.7
127	69.7
129	69.6
131	69.6
133	69.5
135	69.6
137	69.6
139	69.6
141	69.6
143	69.6
145	69.5
147	69.4
149	69.5
151	69.5
154	69.4
156	69.4
158	69.4
160	69.4
163	69.4
165	69.4
168	69.4
170	69.4
172	69.4
175	69.4
177	69.4
180	69.3
183	69.3
185	69.3
188	69.4
191	69.4
194	69.3
196	69.3
199	69.3
202	69.3
205	69.3
208	69.2
211	69.3
214	69.3
217	69.2
220	69.2
224	69.2
227	69.2
230	69.1
234	69.1
237	69
240	69
244	69
247	69
251	68.9
255	68.9
258	68.9
262	68.9
266	68.9
270	68.9
274	68.9
278	68.8
282	68.8
286	68.8
290	68.8
294	68.8
298	68.8
303	68.8
307	68.7
312	68.7
316	68.6
321	68.6
325	68.6
330	68.5
335	68.6
340	68.4
345	68.4
350	68.5
355	68.5
360	68.4
365	68.4
371	68.4
376	68.3
382	68.3
387	68.2
393	68.3
398	68.3
404	68.2
410	68.2
416	68.1
422	68.1
428	68.1
434	68.1
441	68.1
447	68
454	68
460	68
467	68
474	67.9
481	67.9
488	67.8
495	67.8
502	67.8
509	67.9
517	67.8
524	67.8
532	67.8
540	67.7
547	67.7
555	67.7
563	67.7
572	67.6
580	67.6
588	67.6
597	67.6
606	67.5
614	67.5
623	67.5
632	67.4
642	67.5
651	67.4
660	67.4
670	67.4
680	67.4
690	67.3
700	67.3
710	67.3
720	67.3
731	67.3
741	67.3
752	67.3
763	67.2
774	67.2
785	67.2
797	67.2
808	67.2
820	67.2
832	67.3
844	67.2
856	67.2
869	67.3
882	67.2
894	67.2
907	67.2
921	67.3
934	67.4
948	67.4
961	67.5
975	67.5
990	67.6
1004	67.7
1019	67.8
1033	67.8
1048	68
1064	68
1079	68.2
1095	68.3
1111	68.5
1127	68.6
1143	68.7
1160	68.9
1177	68.9
1194	69.1
1211	69.2
1229	69.4
1247	69.4
1265	69.5
1283	69.7
1302	69.7
1321	69.9
1340	69.9
1360	70
1379	70
1399	70.1
1420	70.2
1440	70.2
1461	70.2
1483	70.3
1504	70.4
1526	70.4
1548	70.4
1571	70.4
1594	70.4
1617	70.6
1640	70.6
1664	70.8
1688	70.8
1713	71
1738	71.1
1763	71.3
1789	71.4
1815	71.5
1841	71.8
1868	71.9
1895	72.1
1923	72.2
1951	72.5
1979	72.6
2008	72.9
2037	73.1
2067	73.2
2097	73.4
2127	73.5
2158	73.7
2190	73.8
2221	74
2254	74.1
2287	74.2
2320	74.4
2354	74.4
2388	74.5
2423	74.5
2458	74.6
2494	74.6
2530	74.6
2567	74.6
2604	74.6
2642	74.6
2680	74.6
2719	74.6
2759	74.6
2799	74.6
2840	74.6
2881	74.6
2923	74.8
2965	74.8
3008	75
3052	75.1
3097	75.3
3142	75.4
3187	75.5
3234	75.6
3281	75.7
3328	75.8
3377	75.7
3426	75.6
3476	75.5
3526	75.2
3578	74.9
3630	74.8
3682	74.4
3736	74.2
3790	73.8
3846	73.6
3901	73.1
3958	72.7
4016	72.2
4074	71.6
4133	71.3
4194	70.1
4255	69.7
4316	68.4
4379	67.4
4443	66.6
4508	65.9
4573	65.3
4640	64.9
4707	64.8
4776	64.6
4845	64.7
4916	64.8
4987	65.1
5060	65.5
5133	66
5208	66.3
5284	67.3
5360	67.6
5438	68.8
5518	69.6
5598	70.3
5679	71
5762	71.6
5846	71.9
5931	72.1
6017	72.1
6104	71.6
6193	71
6283	70.4
6375	69.8
6467	69.2
6561	69
6657	67.7
6754	66.5
6852	66.2
6952	67.1
7053	68
7155	68.6
7259	69.2
7365	69.8
7472	70.5
7581	71.1
7691	71.5
7803	71.6
7916	71.3
8032	70.5
8148	69.4
8267	68.9
8387	67
8509	65.9
8633	64.9
8758	64
8886	63.1
9015	62.4
9146	61.9
9279	61.7
9414	61.5
9551	61.4
9690	61.3
9831	61.4
9974	61.6
10119	61.9
10266	62.2
10416	62.3
10567	62.3
10721	62
10877	61.4
11035	60.5
11196	59.6
11358	58.6
11524	57.7
11691	57
11861	56.5
12034	56.2
12209	56.1
12386	56.1
12567	56.3
12749	56.7
12935	57.1
13123	57.7
13314	57.8
13507	57.9
13704	57.8
13903	57.4
14105	57
14311	56.7
14519	57.2
14730	57.7
14944	58.9
15162	59.9
15382	60.5
15606	61
15833	61.3
16063	61.3
16297	61.3
16534	61.2
16774	61
17018	60.4
17266	59.7
17517	59
17772	58.5
18030	58.2
18293	58.1
18559	58.1
18829	57.8
19102	56.6
19380	54.5
20000	51.7
overall dB	93.6 dB
decay	Average
averaging	No Smoothing
source	Headset Mic 1 Low Range


saved	11/12/19, 4:06 PM
peak	23.4Hz
