













19.5	68.106
19.8	68.106
20.1	68.106
20.3	68.138
20.6	68.322
20.9	68.41
21.2	68.472
21.6	68.612
21.9	68.7095
22.2	68.891
22.5	68.879
22.8	69.057
23.2	69.1205
23.5	69.206
23.8	69.329
24.2	69.287
24.5	69.456
24.9	69.495
25.3	69.464
25.6	69.6895
26	69.529
26.4	69.766
26.8	69.805
27.2	69.8685
27.5	69.891
28	70.0205
28.4	70.1715
28.8	70.245
29.2	70.2705
29.6	70.2435
30	70.372
30.5	70.38
30.9	70.436
31.4	70.546
31.8	70.617
32.3	70.646
32.8	70.678
33.2	70.7865
33.7	70.834
34.2	70.9145
34.7	70.888
35.2	70.966
35.7	70.9675
36.2	71.003
36.8	71.064
37.3	71.172
37.9	71.2
38.4	71.216
39	71.235
39.5	71.347
40.1	71.3875
40.7	71.4025
41.3	71.425
41.9	71.463
42.5	71.552
43.1	71.5445
43.7	71.6217
44.4	71.6615
45	71.68
45.7	71.7075
46.3	71.727
47	71.7323
47.7	71.7683
48.4	71.862
49.1	71.8183
49.8	71.807
50.5	71.8273
51.3	71.858
52	71.9583
52.8	71.9837
53.5	71.9953
54.3	72.0137
55.1	72.0227
55.9	72.0508
56.7	72.1473
57.5	72.1573
58.4	72.0935
59.2	72.109
60.1	72.1785
61	72.1333
61.8	72.2225
62.7	72.2423
63.7	72.255
64.6	72.2678
65.5	72.2667
66.5	72.2047
67.4	72.2788
68.4	72.3062
69.4	72.3143
70.4	72.3115
71.5	72.2453
72.5	72.3236
73.5	72.331
74.6	72.2595
75.7	72.2598
76.8	72.2505
77.9	72.186
79.1	72.2608
80.2	72.288
81.4	72.2802
82.6	72.2166
83.8	72.2782
85	72.2138
86.2	72.203
87.5	72.209
88.7	72.2116
90	72.2172
91.3	72.2136
92.7	72.1465
94	72.206
95.4	72.1382
96.8	72.1342
98.2	72.2158
99.6	72.236
101	72.234
103	72.2317
104	72.1407
106	72.1283
107	72.1208
109	72.0472
110	72.029
112	72.0173
113	71.9192
115	71.9276
117	72.0037
118	71.9916
120	71.9004
122	71.8196
124	71.8044
125	71.7773
127	71.7004
129	71.6955
131	71.692
133	71.688
135	71.6786
137	71.6741
139	71.6601
141	71.6034
143	71.5916
145	71.5112
147	71.4986
149	71.5021
151	71.482
154	71.4147
156	71.3929
158	71.3114
160	71.2813
163	71.2129
165	71.1884
168	71.118
170	71.0995
172	71.0843
175	71.0116
177	70.9789
180	70.9053
183	70.8975
185	70.9023
188	70.8914
191	70.815
194	70.7955
196	70.6881
199	70.6047
202	70.5886
205	70.4953
208	70.4078
211	70.3866
214	70.3092
217	70.2826
220	70.2054
224	70.195
227	70.1173
230	70.0881
234	70.0165
237	69.9883
240	69.9075
244	69.8902
247	69.793
251	69.6981
255	69.6133
258	69.5876
262	69.5015
266	69.4015
270	69.3105
274	69.2989
278	69.2964
282	69.2085
286	69.103
290	68.998
294	68.9075
298	68.8873
303	68.8023
307	68.6946
312	68.6119
316	68.5863
321	68.5117
325	68.4856
330	68.3963
335	68.3
340	68.2008
345	68.1108
350	68.0897
355	68.014
360	67.9758
365	67.8167
371	67.7886
376	67.7134
382	67.6841
387	67.5208
393	67.4885
398	67.394
404	67.2955
410	67.196
416	67.1087
422	67.0895
428	66.9971
434	66.8915
441	66.81
447	66.7904
454	66.7048
460	66.6112
467	66.5797
474	66.4242
481	66.389
488	66.3142
495	66.2915
502	66.2016
509	66.0959
517	66.011
524	65.9901
532	65.9035
540	65.8125
547	65.7878
555	65.6945
563	65.605
572	65.5997
580	65.5916
588	65.4982
597	65.4
606	65.3018
614	65.1931
623	65.1076
632	65.0889
642	65.0019
651	64.91
660	64.8869
670	64.811
680	64.7917
690	64.7042
700	64.6111
710	64.5881
720	64.5084
731	64.4995
741	64.4911
752	64.3987
763	64.3074
774	64.3002
785	64.2886
797	64.2097
808	64.2005
820	64.1894
832	64.1128
844	64.0759
856	63.927
869	63.8501
882	63.3496
894	63.0033
907	62.7568
921	62.3502
934	62.4286
948	62.8533
961	63.0203
975	63.1941
990	63.2978
1004	63.4089
1019	63.576
1033	63.6259
1048	63.7799
1064	63.8213
1079	63.9772
1095	64.021
1111	64.1768
1127	64.21
1143	64.3107
1160	64.4871
1177	64.6196
1194	64.8769
1211	65.0282
1229	65.2718
1247	65.3095
1265	65.4197
1283	65.6698
1302	65.7322
1321	65.9758
1340	66.1135
1360	66.2882
1379	66.4033
1399	66.5021
1420	66.5981
1440	66.713
1461	66.8929
1483	67.0008
1504	67.0988
1526	67.2126
1548	67.3821
1571	67.4092
1594	67.5052
1617	67.6875
1640	67.8133
1664	67.9902
1688	68.114
1713	68.2888
1738	68.4109
1763	68.5907
1789	68.6979
1815	68.8184
1841	69.0782
1868	69.226
1895	69.4669
1923	69.5401
1951	69.8631
1979	70.0232
2008	70.2895
2037	70.4888
2067	70.6284
2097	70.9633
2127	71.1363
2158	71.4673
2190	71.6324
2221	71.9716
2254	72.1057
2287	72.3338
2320	72.846
2354	73.034
2388	73.3734
2423	73.6201
2458	73.9753
2494	74.2201
2530	74.579
2567	74.8002
2604	75.011
2642	75.2785
2680	75.424
2719	75.6801
2759	75.8125
2799	75.9914
2840	76.0919
2881	76.1115
2923	76.1902
2965	76.2018
3008	76.2037
3052	76.1804
3097	76.0216
3142	75.9886
3187	75.9013
3234	75.8005
3281	75.7004
3328	75.6012
3377	75.4885
3426	75.3211
3476	75.279
3526	75.1108
3578	74.9985
3630	74.8987
3682	74.8094
3736	74.7883
3790	74.7092
3846	74.6981
3901	74.7
3958	74.7
4016	74.7
4074	74.6982
4133	74.7099
4194	74.7884
4255	74.8095
4316	74.8988
4379	75.0004
4443	75.1017
4508	75.1919
4573	75.2018
4640	75.2
4707	75.2018
4776	75.1941
4845	75.0941
4916	74.9045
4987	74.6923
5060	74.4014
5133	74.1147
5208	73.8601
5284	73.3507
5360	73.0347
5438	72.3397
5518	71.8866
5598	71.4029
5679	70.8966
5762	70.4043
5846	70.0219
5931	69.7627
6017	69.2214
6104	68.8027
6193	68.4969
6283	68.197
6375	67.9062
6467	67.7036
6561	67.6021
6657	67.6173
6754	67.7787
6852	67.8115
6952	67.8943
7053	68.0155
7155	68.2939
7259	68.6171
7365	69.0951
7472	69.6091
7581	70.1981
7691	70.8062
7803	71.3825
7916	71.6936
8032	71.6552
8148	71.154
8267	70.5592
8387	68.7741
8509	67.2762
8633	65.8062
8758	64.3996
8886	63.1028
9015	61.9018
9146	60.8009
9279	59.8003
9414	58.9034
9551	58.0947
9690	57.3044
9831	56.6028
9974	56.0031
10119	55.5068
10266	55.0821
10416	54.6351
10567	54.4829
10721	54.3096
10877	54.1927
11035	54.1234
11196	54.2906
11358	54.5144
11524	54.9003
11691	55.4133
11861	56.1057
12034	56.8979
12209	57.7021
12386	58.4943
12567	59.2052
12749	59.8856
12935	60.4108
13123	60.8706
13314	61.005
13507	60.9834
13704	60.6871
13903	60.086
14105	59.1903
14311	57.9374
14519	56.3158
14730	55.5285
14944	54.4148
15162	53.3024
15382	52.3091
15606	51.5115
15833	50.8869
16063	50.3366
16297	50.195
16534	50.2084
16774	50.4152
17018	50.9158
17266	51.7053
17517	52.7205
17772	54.0008
18030	55.3005
18293	56.2244
18559	56.0748
18829	55.1873
19102	53.881
19380	52.3899
20000	51.2067
