












Frequency	dB	Unweighted
19.5	72.7
19.8	72.8
20.1	72.9
20.3	72.9
20.6	73
20.9	73.1
21.2	73.1
21.6	73.2
21.9	73.2
22.2	73.3
22.5	73.3
22.8	73.4
23.2	73.4
23.5	73.4
23.8	73.4
24.2	73.4
24.5	73.4
24.9	73.4
25.3	73.4
25.6	73.4
26	73.4
26.4	73.4
26.8	73.4
27.2	73.4
27.5	73.3
28	73.3
28.4	73.3
28.8	73.2
29.2	73.2
29.6	73.2
30	73.2
30.5	73.2
30.9	73.2
31.4	73.1
31.8	73.1
32.3	73.1
32.8	73
33.2	73
33.7	73
34.2	73
34.7	73
35.2	73
35.7	73
36.2	72.9
36.8	72.9
37.3	72.9
37.9	72.8
38.4	72.8
39	72.8
39.5	72.8
40.1	72.8
40.7	72.8
41.3	72.8
41.9	72.8
42.5	72.8
43.1	72.7
43.7	72.7
44.4	72.6
45	72.6
45.7	72.5
46.3	72.5
47	72.5
47.7	72.4
48.4	72.4
49.1	72.4
49.8	72.4
50.5	72.3
51.3	72.3
52	72.2
52.8	72.1
53.5	72.1
54.3	72
55.1	72
55.9	71.9
56.7	71.9
57.5	71.8
58.4	71.7
59.2	71.6
60.1	71.5
61	71.5
61.8	71.4
62.7	71.4
63.7	71.3
64.6	71.3
65.5	71.2
66.5	71.1
67.4	71.1
68.4	71
69.4	70.9
70.4	70.9
71.5	70.8
72.5	70.7
73.5	70.6
74.6	70.5
75.7	70.4
76.8	70.4
77.9	70.2
79.1	70.1
80.2	70
81.4	70
82.6	69.9
83.8	69.7
85	69.7
86.2	69.6
87.5	69.5
88.7	69.4
90	69.3
91.3	69.2
92.7	69.1
94	69
95.4	68.9
96.8	68.8
98.2	68.7
99.6	68.6
101	68.5
103	68.4
104	68.3
106	68.2
107	68.1
109	68
110	67.9
112	67.7
113	67.6
115	67.6
117	67.5
118	67.3
120	67.2
122	67.2
124	67.2
125	67.1
127	67
129	66.8
131	66.7
133	66.6
135	66.6
137	66.5
139	66.5
141	66.4
143	66.3
145	66.2
147	66.2
149	66.2
151	66
154	66
156	66
158	65.9
160	65.9
163	65.8
165	65.7
168	65.7
170	65.6
172	65.7
175	65.7
177	65.6
180	65.5
183	65.5
185	65.5
188	65.4
191	65.4
194	65.4
196	65.4
199	65.3
202	65.4
205	65.4
208	65.4
211	65.3
214	65.3
217	65.3
220	65.3
224	65.3
227	65.3
230	65.2
234	65.2
237	65.2
240	65.2
244	65.2
247	65.2
251	65.2
255	65.1
258	65.1
262	65.2
266	65.2
270	65.2
274	65.2
278	65.2
282	65.2
286	65.2
290	65.2
294	65.2
298	65.2
303	65.2
307	65.3
312	65.2
316	65.2
321	65.3
325	65.2
330	65.3
335	65.3
340	65.3
345	65.3
350	65.3
355	65.3
360	65.3
365	65.3
371	65.3
376	65.4
382	65.4
387	65.4
393	65.4
398	65.5
404	65.5
410	65.5
416	65.4
422	65.4
428	65.5
434	65.5
441	65.5
447	65.6
454	65.5
460	65.5
467	65.5
474	65.6
481	65.6
488	65.6
495	65.6
502	65.5
509	65.6
517	65.6
524	65.5
532	65.5
540	65.5
547	65.5
555	65.5
563	65.3
572	65.3
580	65.2
588	65.2
597	65.1
606	65
614	64.8
623	64.7
632	64.7
642	64.5
651	64.4
660	64.3
670	64.3
680	64.3
690	64.3
700	64.5
710	64.6
720	64.6
731	64.9
741	65
752	65
763	64.9
774	64.6
785	64.5
797	64.5
808	64.6
820	64.8
832	65.3
844	65.5
856	66.1
869	66.2
882	66.6
894	66.7
907	66.8
921	66.9
934	66.9
948	66.8
961	66.7
975	66.3
990	66.1
1004	65.9
1019	64.9
1033	64.7
1048	64
1064	64
1079	64.2
1095	64.3
1111	64.5
1127	64.6
1143	64.7
1160	65.1
1177	65.2
1194	65.6
1211	65.7
1229	66
1247	66.1
1265	66.2
1283	66.5
1302	66.6
1321	67.1
1340	67.2
1360	67.4
1379	67.6
1399	67.7
1420	67.8
1440	67.9
1461	68.1
1483	68.1
1504	68.5
1526	68.7
1548	69.2
1571	69.4
1594	69.5
1617	69.7
1640	69.7
1664	69.7
1688	69.7
1713	69.7
1738	69.7
1763	69.7
1789	69.7
1815	69.7
1841	69.8
1868	69.8
1895	70
1923	70
1951	70.1
1979	70.2
2008	70.2
2037	70.4
2067	70.4
2097	70.7
2127	70.7
2158	70.7
2190	70.6
2221	70.8
2254	70.9
2287	71
2320	71.8
2354	72
2388	72.5
2423	72.6
2458	72.8
2494	72.9
2530	73
2567	73
2604	73
2642	73.1
2680	73.1
2719	73.1
2759	73.1
2799	73
2840	72.8
2881	72.7
2923	72.2
2965	72.1
3008	71.8
3052	71.8
3097	71.8
3142	71.8
3187	71.9
3234	71.9
3281	71.9
3328	71.8
3377	71.7
3426	71.3
3476	71.1
3526	70.6
3578	70.4
3630	70.4
3682	70.9
3736	71.2
3790	72
3846	72.3
3901	72.9
3958	73
4016	72.8
4074	72.7
4133	72.7
4194	72.6
4255	72.7
4316	72.4
4379	72.2
4443	72.1
4508	72
4573	71.7
4640	71.5
4707	71.3
4776	71.4
4845	71.4
4916	71.5
4987	71.6
5060	71.7
5133	71.7
5208	71.7
5284	71.7
5360	71.6
5438	71.4
5518	71.1
5598	70.8
5679	70.6
5762	70.3
5846	70.1
5931	70
6017	69.8
6104	69.8
6193	69.7
6283	69.8
6375	69.8
6467	69.8
6561	69.8
6657	69.8
6754	69.9
6852	70.1
6952	70.4
7053	70.7
7155	71.1
7259	71.4
7365	71.9
7472	72.4
7581	73.1
7691	73.7
7803	74.2
7916	74.7
8032	74.8
8148	74.4
8267	74
8387	72.2
8509	70.8
8633	69.5
8758	68.2
8886	67.2
9015	66.4
9146	65.8
9279	65.3
9414	65
9551	65
9690	65.1
9831	65.4
9974	65.9
10119	66.2
10266	66
10416	63.9
10567	62.7
10721	60.2
10877	57.9
11035	55.9
11196	54.6
11358	54.1
11524	54.3
11691	54.6
11861	54.6
12034	54.3
12209	53.9
12386	53.5
12567	53.3
12749	53.3
12935	53.4
13123	53.6
13314	53.8
13507	54.1
13704	54.4
13903	54.9
14105	55.5
14311	56.3
14519	57.8
14730	58.4
14944	59.5
15162	60.3
15382	60.3
15606	59.4
15833	58.2
16063	56.5
16297	56.1
16534	55.3
16774	55.2
17018	55.2
17266	55.4
17517	55.7
17772	55.9
18030	56.4
18293	58
18559	58.5
18829	58.8
19102	57.9
19380	56.1
20000	53.7
overall dB	93.9 dB
decay	Average
averaging	No Smoothing
source	Headset Mic 1 High Range


saved	23/4/20, 5:18 PM
peak	20.5Hz
