












Frequency	dB	Unweighted
19.5	70.7
19.8	70.7
20.1	70.8
20.3	70.9
20.6	70.9
20.9	71
21.2	71
21.6	71.1
21.9	71.1
22.2	71.2
22.5	71.2
22.8	71.3
23.2	71.3
23.5	71.3
23.8	71.3
24.2	71.3
24.5	71.4
24.9	71.4
25.3	71.4
25.6	71.4
26	71.5
26.4	71.5
26.8	71.5
27.2	71.5
27.5	71.5
28	71.6
28.4	71.6
28.8	71.6
29.2	71.6
29.6	71.6
30	71.6
30.5	71.6
30.9	71.7
31.4	71.7
31.8	71.7
32.3	71.7
32.8	71.8
33.2	71.8
33.7	71.8
34.2	71.8
34.7	71.8
35.2	71.8
35.7	71.8
36.2	71.8
36.8	71.8
37.3	71.8
37.9	71.8
38.4	71.8
39	71.8
39.5	71.8
40.1	71.8
40.7	71.8
41.3	71.8
41.9	71.9
42.5	71.9
43.1	71.8
43.7	71.8
44.4	71.7
45	71.7
45.7	71.7
46.3	71.7
47	71.7
47.7	71.7
48.4	71.7
49.1	71.6
49.8	71.6
50.5	71.7
51.3	71.7
52	71.7
52.8	71.6
53.5	71.6
54.3	71.6
55.1	71.6
55.9	71.6
56.7	71.6
57.5	71.5
58.4	71.5
59.2	71.5
60.1	71.4
61	71.4
61.8	71.4
62.7	71.4
63.7	71.4
64.6	71.4
65.5	71.3
66.5	71.3
67.4	71.3
68.4	71.3
69.4	71.3
70.4	71.2
71.5	71.2
72.5	71.2
73.5	71.2
74.6	71.1
75.7	71.1
76.8	71
77.9	71
79.1	70.9
80.2	70.9
81.4	70.9
82.6	70.9
83.8	70.9
85	70.8
86.2	70.7
87.5	70.7
88.7	70.6
90	70.5
91.3	70.5
92.7	70.5
94	70.4
95.4	70.4
96.8	70.4
98.2	70.3
99.6	70.3
101	70.3
103	70.2
104	70.1
106	70.1
107	70.1
109	70
110	70
112	69.9
113	69.9
115	69.8
117	69.8
118	69.7
120	69.7
122	69.7
124	69.6
125	69.5
127	69.5
129	69.5
131	69.4
133	69.3
135	69.3
137	69.2
139	69.2
141	69.1
143	69
145	69
147	68.9
149	68.9
151	68.8
154	68.7
156	68.7
158	68.7
160	68.6
163	68.6
165	68.5
168	68.4
170	68.3
172	68.3
175	68.2
177	68.1
180	68
183	68
185	68
188	67.9
191	67.9
194	67.8
196	67.7
199	67.7
202	67.6
205	67.5
208	67.5
211	67.4
214	67.3
217	67.3
220	67.2
224	67.1
227	67.1
230	67
234	67
237	66.9
240	66.8
244	66.7
247	66.7
251	66.7
255	66.6
258	66.5
262	66.5
266	66.4
270	66.3
274	66.3
278	66.2
282	66.2
286	66.1
290	66
294	66
298	65.9
303	65.9
307	65.8
312	65.8
316	65.7
321	65.6
325	65.6
330	65.5
335	65.5
340	65.4
345	65.4
350	65.3
355	65.3
360	65.2
365	65.1
371	65.1
376	65
382	65
387	64.9
393	64.9
398	64.8
404	64.8
410	64.7
416	64.7
422	64.6
428	64.6
434	64.5
441	64.5
447	64.5
454	64.4
460	64.4
467	64.3
474	64.3
481	64.2
488	64.2
495	64.2
502	64.1
509	64.1
517	64
524	64
532	64
540	63.9
547	63.9
555	63.9
563	63.8
572	63.8
580	63.8
588	63.8
597	63.7
606	63.7
614	63.6
623	63.6
632	63.6
642	63.6
651	63.6
660	63.6
670	63.5
680	63.5
690	63.5
700	63.5
710	63.5
720	63.5
731	63.5
741	63.5
752	63.5
763	63.4
774	63.4
785	63.4
797	63.4
808	63.4
820	63.5
832	63.5
844	63.5
856	63.5
869	63.5
882	63.6
894	63.6
907	63.6
921	63.7
934	63.7
948	63.8
961	63.9
975	64
990	64
1004	64.1
1019	64.2
1033	64.3
1048	64.5
1064	64.6
1079	64.9
1095	65
1111	65.2
1127	65.3
1143	65.4
1160	65.7
1177	65.8
1194	66.2
1211	66.2
1229	66.5
1247	66.6
1265	66.7
1283	67
1302	67.1
1321	67.4
1340	67.5
1360	67.7
1379	67.8
1399	68.1
1420	68.2
1440	68.2
1461	68.5
1483	68.6
1504	68.8
1526	68.9
1548	69.1
1571	69.2
1594	69.3
1617	69.5
1640	69.6
1664	69.9
1688	70
1713	70.2
1738	70.3
1763	70.6
1789	70.7
1815	70.8
1841	71.2
1868	71.3
1895	71.6
1923	71.7
1951	72
1979	72.1
2008	72.4
2037	72.6
2067	72.7
2097	73
2127	73.1
2158	73.4
2190	73.5
2221	73.8
2254	73.9
2287	73.9
2320	74.2
2354	74.3
2388	74.4
2423	74.4
2458	74.5
2494	74.5
2530	74.5
2567	74.4
2604	74.4
2642	74.2
2680	74.2
2719	74
2759	73.9
2799	73.6
2840	73.4
2881	73.3
2923	73
2965	72.9
3008	72.6
3052	72.5
3097	72.2
3142	72.1
3187	71.9
3234	71.7
3281	71.6
3328	71.4
3377	71.3
3426	71.1
3476	71
3526	70.9
3578	70.8
3630	70.8
3682	70.7
3736	70.7
3790	70.7
3846	70.7
3901	70.8
3958	70.8
4016	70.9
4074	71
4133	71.1
4194	71.3
4255	71.4
4316	71.8
4379	72.1
4443	72.4
4508	72.7
4573	73.1
4640	73.5
4707	73.7
4776	74.3
4845	74.7
4916	75.1
4987	75.5
5060	75.8
5133	76
5208	76.1
5284	76
5360	75.9
5438	75.3
5518	74.7
5598	74
5679	73.3
5762	72.6
5846	71.8
5931	71.5
6017	70.5
6104	69.9
6193	69.3
6283	68.8
6375	68.4
6467	68
6561	67.9
6657	67.5
6754	67.4
6852	67.3
6952	67.3
7053	67.4
7155	67.6
7259	67.9
7365	68.4
7472	69
7581	69.7
7691	70.7
7803	71.8
7916	73
8032	73.8
8148	73.7
8267	73.4
8387	70.6
8509	68.5
8633	66.5
8758	64.6
8886	62.9
9015	61.4
9146	60
9279	58.8
9414	57.6
9551	56.5
9690	55.6
9831	54.8
9974	54.2
10119	53.8
10266	53.8
10416	54.3
10567	54.5
10721	55
10877	55.3
11035	55.5
11196	55.6
11358	55.8
11524	56
11691	56.3
11861	56.8
12034	57.5
12209	58.3
12386	59.2
12567	60.1
12749	60.9
12935	61.5
13123	62.2
13314	62.5
13507	63
13704	63.6
13903	64.2
14105	64.9
14311	65.5
14519	65.8
14730	65.8
14944	65.5
15162	65.2
15382	65
15606	64.8
15833	64.8
16063	64.8
16297	64.6
16534	63.3
16774	62.6
17018	61.1
17266	59.5
17517	58.1
17772	56.8
18030	56
18293	55.3
18559	55.3
18829	55.1
19102	53.9
19380	50.3
20000	44.1
overall dB	93.9 dB
decay	Average
averaging	No Smoothing
source	Headset Mic 1 Low Range


saved	2/1/21, 7:04 PM
peak	20.5Hz
