













19.5	66.801
19.8	66.801
20.1	66.801
20.3	66.838
20.6	67.022
20.9	67.11
21.2	67.172
21.6	67.312
21.9	67.397
22.2	67.489
22.5	67.479
22.8	67.571
23.2	67.618
23.5	67.706
23.8	67.756
24.2	67.791
24.5	67.956
24.9	67.995
25.3	67.964
25.6	68.1705
26	67.929
26.4	68.239
26.8	68.219
27.2	68.2665
27.5	68.291
28	68.345
28.4	68.469
28.8	68.545
29.2	68.5705
29.6	68.5435
30	68.672
30.5	68.68
30.9	68.7295
31.4	68.758
31.8	68.819
32.3	68.831
32.8	68.79
33.2	68.8095
33.7	68.9115
34.2	68.9345
34.7	68.887
35.2	69.0465
35.7	68.9875
36.2	69.021
36.8	69.1425
37.3	69.1915
37.9	69.282
38.4	69.23
39	69.232
39.5	69.347
40.1	69.3875
40.7	69.4025
41.3	69.425
41.9	69.463
42.5	69.554
43.1	69.5345
43.7	69.5317
44.4	69.555
45	69.4913
45.7	69.505
46.3	69.5253
47	69.5433
47.7	69.648
48.4	69.6705
49.1	69.619
49.8	69.6943
50.5	69.723
51.3	69.664
52	69.6657
52.8	69.68
53.5	69.7033
54.3	69.8017
55.1	69.8263
55.9	69.8397
56.7	69.8523
57.5	69.8557
58.4	69.7955
59.2	69.7963
60.1	69.8028
61	69.817
61.8	69.8337
62.7	69.83
63.7	69.775
64.6	69.855
65.5	69.8757
66.5	69.883
67.4	69.9028
68.4	69.9835
69.4	69.9338
70.4	70.0072
71.5	70.0298
72.5	70.0382
73.5	70.0275
74.6	69.9693
75.7	70.0488
76.8	70.0662
77.9	70.0697
79.1	70.0784
80.2	70.0862
81.4	70.0817
82.6	70.011
83.8	69.987
85	69.9314
86.2	70.0876
87.5	70.1128
88.7	70.1116
90	70.1172
91.3	70.1136
92.7	70.0465
94	70.106
95.4	70.04
96.8	70.0282
98.2	70.0275
99.6	70.046
101	70.1287
103	70.1352
104	70.0407
106	70.0278
107	70.0317
109	70.027
110	70.041
112	70.1007
113	70.0197
115	70.0297
117	70.0954
118	70.0439
120	70.0961
122	70.0227
124	70.0033
125	70.0077
127	69.9801
129	69.9162
131	69.982
133	69.9904
135	69.9788
137	69.9727
139	69.9663
141	69.9886
143	70
145	70
147	70
149	70
151	70
154	70.0007
156	69.9937
158	69.9262
160	70.0032
163	69.998
165	69.9113
168	69.8972
170	69.817
172	69.7989
175	69.8
177	69.8
180	69.8
183	69.8
185	69.8
188	69.8
191	69.8
194	69.8008
196	69.7844
199	69.688
202	69.6178
205	69.6931
208	69.6896
211	69.6074
214	69.6005
217	69.5838
220	69.5032
224	69.4973
227	69.5
230	69.502
234	69.4976
237	69.4146
240	69.4011
244	69.3892
247	69.3196
251	69.3914
255	69.3971
258	69.3103
262	69.2893
266	69.2114
270	69.1992
274	69.1951
278	69.1154
282	69.0993
286	69.0921
290	69.0122
294	68.9842
298	68.9012
303	68.9088
307	68.9822
312	68.9155
316	68.9008
321	68.8907
325	68.8054
330	68.8005
335	68.7909
340	68.7128
345	68.6898
350	68.6111
355	68.6
360	68.5887
365	68.5073
371	68.499
376	68.4901
382	68.4125
387	68.4004
393	68.3914
398	68.3061
404	68.3004
410	68.2891
416	68.2104
422	68.1875
428	68.108
434	68.0986
441	68.1015
447	68.0902
454	68.012
460	68.0004
467	67.9908
474	67.9113
481	67.8994
488	67.8932
495	67.8122
502	67.7981
509	67.802
517	67.7925
524	67.7094
532	67.6995
540	67.6929
547	67.6105
555	67.5858
563	67.5065
572	67.498
580	67.5017
588	67.4885
597	67.4093
606	67.3981
614	67.4021
623	67.3878
632	67.3068
642	67.2981
651	67.3018
660	67.2886
670	67.2093
680	67.1997
690	67.1923
700	67.1115
710	67.0981
720	67.102
731	67.0919
741	67.009
752	66.9982
763	67.0019
774	66.9887
785	66.9073
797	66.8981
808	66.9
820	66.9
832	66.9
844	66.9
856	66.9
869	66.9
882	66.8984
894	66.9115
907	66.9922
921	67.0004
934	67.0098
948	67.0876
961	67.1131
975	67.1901
990	67.2083
1004	67.2983
1019	67.3858
1033	67.4354
1048	67.6718
1064	67.7216
1079	67.8871
1095	68.0091
1111	68.1877
1127	68.3002
1143	68.4124
1160	68.5871
1177	68.7196
1194	68.9787
1211	69.1177
1229	69.2812
1247	69.3095
1265	69.4082
1283	69.5909
1302	69.7114
1321	69.8894
1340	70.0038
1360	70.0899
1379	70.1107
1399	70.2023
1420	70.2887
1440	70.3236
1461	70.481
1483	70.5128
1504	70.5888
1526	70.6119
1548	70.6892
1571	70.711
1594	70.7877
1617	70.8116
1640	70.8891
1664	70.9104
1688	71.0019
1713	71.0906
1738	71.1095
1763	71.2001
1789	71.2884
1815	71.3189
1841	71.4876
1868	71.6143
1895	71.7797
1923	71.8201
1951	71.9853
1979	72.1099
2008	72.301
2037	72.4791
2067	72.531
2097	72.7641
2127	72.8338
2158	73.0784
2190	73.2122
2221	73.3937
2254	73.4888
2287	73.5272
2320	73.7758
2354	73.9119
2388	74.0894
2423	74.201
2458	74.2994
2494	74.4008
2530	74.4919
2567	74.5036
2604	74.4903
2642	74.4133
2680	74.3801
2719	74.2143
2759	74.082
2799	73.811
2840	73.6124
2881	73.4695
2923	73.1331
2965	72.9735
3008	72.7188
3052	72.5862
3097	72.4104
3142	72.2986
3187	72.1995
3234	72.104
3281	71.9816
3328	71.7254
3377	71.5578
3426	71.1455
3476	70.9582
3526	70.5174
3578	70.2179
3630	70.0683
3682	69.7311
3736	69.5727
3790	69.3296
3846	69.2774
3901	69.1105
3958	68.9959
4016	68.9079
4074	68.8982
4133	68.9
4194	68.8982
4255	68.9077
4316	68.9988
4379	69.0986
4443	69.2076
4508	69.3972
4573	69.6021
4640	69.7885
4707	69.9176
4776	70.1932
4845	70.5095
4916	70.887
4987	71.2095
5060	71.6
5133	71.9738
5208	72.2608
5284	72.9297
5360	73.267
5438	73.9702
5518	74.5054
5598	74.9912
5679	75.4067
5762	75.7844
5846	76.0013
5931	76.2088
6017	76.492
6104	76.6946
6193	76.8041
6283	76.8943
6375	76.8923
6467	76.8149
6561	76.7705
6657	76.5211
6754	76.3947
6852	76.3079
6952	76.2964
7053	76.3061
7155	76.4029
7259	76.6149
7365	76.995
7472	77.407
7581	77.9113
7691	78.4806
7803	78.793
7916	78.7668
8032	78.1632
8148	77.1818
8267	76.3166
8387	74.002
8509	72.1761
8633	70.5139
8758	68.9877
8886	67.5123
9015	66.1997
9146	65.0006
9279	63.9018
9414	62.8915
9551	61.9137
9690	61.0929
9831	60.3099
9974	59.5846
10119	58.6914
10266	57.5557
10416	56.3034
10567	55.9603
10721	55.6114
10877	55.2998
11035	54.9903
11196	54.6083
11358	54.3055
11524	54.0964
11691	53.9021
11861	53.8162
12034	54.0105
12209	54.5208
12386	55.4153
12567	56.6097
12749	57.9919
12935	59.4579
13123	61.0721
13314	61.5527
13507	61.9654
13704	61.9814
13903	61.5907
14105	61.0094
14311	60.3563
14519	59.4639
14730	59.0773
14944	58.7072
15162	58.4024
15382	58.2083
15606	58.2144
15833	58.5237
16063	59.061
16297	59.4635
16534	60.2442
16774	60.611
17018	60.7815
17266	60.5692
17517	59.7731
17772	58.5077
18030	57.0405
18293	55.4318
18559	54.9395
18829	54.3172
19102	53.6891
19380	53.0313
20000	52.4304
