












Frequency	dB	Unweighted
19.5	68.7
19.8	68.7
20.1	68.8
20.3	68.8
20.6	68.9
20.9	68.9
21.2	68.9
21.6	69
21.9	69
22.2	69.2
22.5	69.2
22.8	69.3
23.2	69.4
23.5	69.4
23.8	69.5
24.2	69.6
24.5	69.6
24.9	69.6
25.3	69.7
25.6	69.7
26	69.7
26.4	69.7
26.8	69.8
27.2	69.9
27.5	69.9
28	70
28.4	70
28.8	70
29.2	70
29.6	70
30	70.1
30.5	70.1
30.9	70.1
31.4	70.1
31.8	70
32.3	70
32.8	70.1
33.2	70.1
33.7	70.1
34.2	70.1
34.7	70.1
35.2	70.1
35.7	70.2
36.2	70.2
36.8	70.2
37.3	70.2
37.9	70.3
38.4	70.3
39	70.3
39.5	70.3
40.1	70.3
40.7	70.3
41.3	70.3
41.9	70.3
42.5	70.3
43.1	70.3
43.7	70.3
44.4	70.2
45	70.2
45.7	70.3
46.3	70.3
47	70.3
47.7	70.4
48.4	70.4
49.1	70.4
49.8	70.4
50.5	70.4
51.3	70.4
52	70.4
52.8	70.4
53.5	70.4
54.3	70.4
55.1	70.4
55.9	70.4
56.7	70.4
57.5	70.4
58.4	70.3
59.2	70.2
60.1	70.2
61	70.2
61.8	70.2
62.7	70.2
63.7	70.1
64.6	70.2
65.5	70.2
66.5	70.2
67.4	70.2
68.4	70.1
69.4	70.1
70.4	70.1
71.5	70.1
72.5	70.1
73.5	70.2
74.6	70.1
75.7	70
76.8	69.9
77.9	70
79.1	69.9
80.2	69.9
81.4	69.8
82.6	69.8
83.8	69.9
85	69.9
86.2	69.9
87.5	69.9
88.7	69.7
90	69.7
91.3	69.7
92.7	69.6
94	69.6
95.4	69.6
96.8	69.6
98.2	69.5
99.6	69.4
101	69.4
103	69.5
104	69.5
106	69.4
107	69.3
109	69.3
110	69.3
112	69.3
113	69.3
115	69.2
117	69.2
118	69.1
120	69
122	69
124	69
125	69
127	68.9
129	68.8
131	68.7
133	68.7
135	68.7
137	68.7
139	68.7
141	68.7
143	68.6
145	68.5
147	68.4
149	68.3
151	68.3
154	68.3
156	68.2
158	68.2
160	68.2
163	68.1
165	68.1
168	68
170	67.9
172	67.9
175	67.9
177	67.8
180	67.8
183	67.8
185	67.7
188	67.7
191	67.7
194	67.6
196	67.5
199	67.5
202	67.5
205	67.5
208	67.3
211	67.3
214	67.2
217	67.1
220	67.1
224	67.1
227	67
230	67
234	66.9
237	66.8
240	66.8
244	66.7
247	66.7
251	66.6
255	66.5
258	66.4
262	66.4
266	66.4
270	66.3
274	66.3
278	66.2
282	66.1
286	66.1
290	66
294	65.9
298	65.9
303	65.9
307	65.8
312	65.8
316	65.7
321	65.7
325	65.6
330	65.5
335	65.5
340	65.4
345	65.3
350	65.3
355	65.2
360	65.1
365	65
371	65.1
376	64.9
382	64.9
387	64.8
393	64.8
398	64.8
404	64.7
410	64.7
416	64.6
422	64.6
428	64.4
434	64.4
441	64.4
447	64.3
454	64.3
460	64.2
467	64.2
474	64.1
481	64.1
488	64
495	63.9
502	63.9
509	63.8
517	63.8
524	63.7
532	63.7
540	63.6
547	63.6
555	63.6
563	63.5
572	63.5
580	63.4
588	63.4
597	63.3
606	63.3
614	63.2
623	63.2
632	63.2
642	63.1
651	63.1
660	63
670	63
680	63
690	63
700	62.9
710	62.9
720	62.9
731	62.9
741	62.8
752	62.8
763	62.8
774	62.8
785	62.8
797	62.8
808	62.8
820	62.7
832	62.8
844	62.8
856	62.7
869	62.8
882	62.8
894	62.8
907	62.9
921	62.9
934	63
948	63.1
961	63.1
975	63.2
990	63.3
1004	63.4
1019	63.5
1033	63.6
1048	63.7
1064	63.8
1079	64.2
1095	64.3
1111	64.5
1127	64.6
1143	64.7
1160	65
1177	65.1
1194	65.5
1211	65.6
1229	65.9
1247	66
1265	66.1
1283	66.4
1302	66.5
1321	66.8
1340	66.9
1360	67.1
1379	67.2
1399	67.4
1420	67.5
1440	67.6
1461	67.9
1483	67.9
1504	68.1
1526	68.1
1548	68.4
1571	68.4
1594	68.5
1617	68.7
1640	68.8
1664	69.1
1688	69.1
1713	69.4
1738	69.4
1763	69.7
1789	69.8
1815	69.9
1841	70.2
1868	70.3
1895	70.5
1923	70.6
1951	70.9
1979	70.9
2008	71.1
2037	71.2
2067	71.3
2097	71.4
2127	71.4
2158	71.5
2190	71.5
2221	71.5
2254	71.5
2287	71.5
2320	71.5
2354	71.5
2388	71.4
2423	71.4
2458	71.4
2494	71.3
2530	71.3
2567	71.3
2604	71.3
2642	71.4
2680	71.4
2719	71.5
2759	71.6
2799	71.8
2840	71.9
2881	72
2923	72.3
2965	72.4
3008	72.8
3052	72.9
3097	73.3
3142	73.5
3187	73.7
3234	73.9
3281	74
3328	74.2
3377	74.3
3426	74.5
3476	74.5
3526	74.7
3578	74.8
3630	74.8
3682	74.8
3736	74.8
3790	74.7
3846	74.7
3901	74.5
3958	74.5
4016	74.5
4074	74.5
4133	74.5
4194	74.5
4255	74.6
4316	74.6
4379	74.6
4443	74.7
4508	74.7
4573	74.8
4640	74.8
4707	74.8
4776	74.8
4845	74.9
4916	74.9
4987	75
5060	75
5133	75
5208	75
5284	75.1
5360	75.1
5438	75.2
5518	75.3
5598	75.4
5679	75.6
5762	75.8
5846	76.2
5931	76.4
6017	76.9
6104	76.5
6193	75.8
6283	75.5
6375	75.7
6467	76
6561	76.1
6657	75.9
6754	75.5
6852	75.1
6952	74.7
7053	74.4
7155	74.2
7259	74.1
7365	74.2
7472	74.3
7581	74.6
7691	74.8
7803	74.9
7916	74.9
8032	74.5
8148	73.8
8267	73.3
8387	71.7
8509	70.6
8633	69.4
8758	68.3
8886	67.3
9015	66.3
9146	65.3
9279	64.4
9414	63.6
9551	62.9
9690	62.4
9831	61.9
9974	61.6
10119	61.4
10266	61.4
10416	61.3
10567	61.3
10721	61.2
10877	60.9
11035	60.4
11196	59.7
11358	58.8
11524	58
11691	57.7
11861	57.7
12034	58.1
12209	58.7
12386	59.4
12567	60.2
12749	60.9
12935	61.6
13123	62.3
13314	62.5
13507	62.8
13704	63.1
13903	63.3
14105	63.6
14311	63.8
14519	63.5
14730	63.1
14944	62.3
15162	61.5
15382	60.4
15606	58.8
15833	57
16063	54.4
16297	53.8
16534	51.9
16774	51.2
17018	50.1
17266	49.5
17517	49.4
17772	49.5
18030	49.8
18293	50.8
18559	51.2
18829	51.9
19102	52.4
19380	52.2
20000	51.1
overall dB	94 dB
decay	Average
averaging	No Smoothing
source	Headset Microphone 1 Low Range


saved	15/10/22, 1:30 PM
peak	23.4Hz
