













19.5	71.034
19.8	71.034
20.1	71.034
20.3	71.035
20.6	71.2
20.9	71.208
21.2	71.26
21.6	71.335
21.9	71.394
22.2	71.492
22.5	71.479
22.8	71.486
23.2	71.511
23.5	71.506
23.8	71.558
24.2	71.576
24.5	71.656
24.9	71.692
25.3	71.664
25.6	71.8545
26	71.529
26.4	71.8465
26.8	71.911
27.2	71.893
27.5	71.891
28	71.9485
28.4	71.985
28.8	72.043
29.2	72.0715
29.6	72.0275
30	72.072
30.5	72.08
30.9	72.0515
31.4	72.145
31.8	72.1985
32.3	72.1535
32.8	72.182
33.2	72.136
33.7	72.2095
34.2	72.2345
34.7	72.1035
35.2	72.1635
35.7	72.166
36.2	72.1127
36.8	72.1635
37.3	72.275
37.9	72.2925
38.4	72.2345
39	72.3145
39.5	72.3653
40.1	72.3745
40.7	72.318
41.3	72.407
41.9	72.46
42.5	72.4637
43.1	72.445
43.7	72.5097
44.4	72.4645
45	72.3897
45.7	72.405
46.3	72.427
47	72.434
47.7	72.454
48.4	72.47
49.1	72.4157
49.8	72.4087
50.5	72.4193
51.3	72.3717
52	72.4487
52.8	72.396
53.5	72.3937
54.3	72.4137
55.1	72.4227
55.9	72.4507
56.7	72.5473
57.5	72.5573
58.4	72.4955
59.2	72.4983
60.1	72.488
61	72.432
61.8	72.525
62.7	72.5333
63.7	72.4688
64.6	72.4663
65.5	72.468
66.5	72.4
67.4	72.3995
68.4	72.4932
69.4	72.5165
70.4	72.513
71.5	72.4428
72.5	72.4342
73.5	72.4453
74.6	72.452
75.7	72.4594
76.8	72.465
77.9	72.4697
79.1	72.4798
80.2	72.4718
81.4	72.3967
82.6	72.3932
83.8	72.3908
85	72.3202
86.2	72.4066
87.5	72.504
88.7	72.5
90	72.4348
91.3	72.5018
92.7	72.4407
94	72.4148
95.4	72.336
96.8	72.3342
98.2	72.4158
99.6	72.436
101	72.4315
103	72.431
104	72.4317
106	72.4322
107	72.4208
109	72.3468
110	72.3398
112	72.4017
113	72.2988
115	72.235
117	72.3
118	72.3186
120	72.2964
122	72.2307
124	72.2799
125	72.2027
127	72.1974
129	72.197
131	72.192
133	72.188
135	72.1786
137	72.1728
139	72.1663
141	72.1886
143	72.2
145	72.2
147	72.2
149	72.2
151	72.2
154	72.2007
156	72.1937
158	72.1262
160	72.2031
163	72.198
165	72.109
168	72.0972
170	72.09
172	72.003
175	71.9977
177	72
180	71.9977
183	72.0042
185	72.078
188	72.0105
191	71.9977
194	72.0008
196	71.9818
199	71.9063
202	71.8866
205	71.8074
208	71.7984
211	71.8021
214	71.7879
217	71.7064
220	71.6989
224	71.7
227	71.7012
230	71.6877
234	71.6177
237	71.6853
240	71.6898
244	71.601
247	71.5018
251	71.5086
255	71.5816
258	71.4964
262	71.4083
266	71.3902
270	71.3126
274	71.2976
278	71.3
282	71.3015
286	71.2937
290	71.2
294	71.1056
298	71.1015
303	71.0907
307	71.0069
312	70.9975
316	71.0024
321	70.9907
325	70.9054
330	70.9025
335	70.8821
340	70.722
345	70.6961
350	70.7017
355	70.6916
360	70.597
365	70.5057
371	70.4976
376	70.502
382	70.4933
387	70.4134
393	70.3804
398	70.2148
404	70.1852
410	70.1086
416	70.1003
422	70.0891
428	70.0098
434	69.9859
441	69.9105
447	69.9003
454	69.8942
460	69.7993
467	69.6978
474	69.6107
481	69.5896
488	69.5211
495	69.5792
502	69.5035
509	69.3959
517	69.3095
524	69.3002
532	69.2925
540	69.2147
547	69.1878
555	69.0945
563	69.0073
572	68.9899
580	68.9118
588	68.8888
597	68.8019
606	68.7001
614	68.608
623	68.5862
632	68.5091
642	68.4914
651	68.4
660	68.3082
670	68.2887
680	68.2141
690	68.1827
700	68.0227
710	67.9981
720	67.9898
731	67.9128
741	67.8894
752	67.8005
763	67.697
774	67.6089
785	67.587
797	67.5115
808	67.4885
820	67.3976
832	67.3091
844	67.2872
856	67.2094
869	67.1895
882	67.1118
894	67.1002
907	67.0896
921	67.0108
934	66.9982
948	67.0016
961	66.9886
975	66.908
990	66.8964
1004	66.9088
1019	66.9886
1033	67.0017
1048	66.998
1064	67.0069
1079	67.1002
1095	67.1917
1111	67.202
1127	67.1964
1143	67.2213
1160	67.3812
1177	67.4037
1194	67.3982
1211	67.4106
1229	67.4905
1247	67.5001
1265	67.51
1283	67.5913
1302	67.6018
1321	67.6017
1340	67.5902
1360	67.5105
1379	67.4983
1399	67.502
1420	67.4923
1440	67.3977
1461	67.3087
1483	67.2892
1504	67.2131
1526	67.1782
1548	67.0178
1571	66.998
1594	66.9929
1617	66.9023
1640	66.7968
1664	66.7074
1688	66.6983
1713	66.7018
1738	66.6905
1763	66.6095
1789	66.5963
1815	66.6095
1841	66.6888
1868	66.7118
1895	66.789
1923	66.8109
1951	66.8863
1979	66.9176
2008	67.0974
2037	67.2888
2067	67.4193
2097	67.6753
2127	67.8244
2158	68.0784
2190	68.2214
2221	68.4827
2254	68.5982
2287	68.726
2320	69.0676
2354	69.2155
2388	69.3783
2423	69.4202
2458	69.5894
2494	69.6936
2530	69.7001
2567	69.7091
2604	69.7901
2642	69.7983
2680	69.8199
2719	69.9796
2759	70.0112
2799	70.0994
2840	70.1883
2881	70.2211
2923	70.3786
2965	70.4138
3008	70.4928
3052	70.4938
3097	70.406
3142	70.2851
3187	70.0003
3234	69.7177
3281	69.4553
3328	68.8361
3377	68.352
3426	67.6646
3476	67.3355
3526	66.634
3578	66.222
3630	66.0664
3682	65.7255
3736	65.6022
3790	65.5945
3846	65.6152
3901	65.7976
3958	65.9989
4016	66.2092
4074	66.4858
4133	66.7328
4194	67.1623
4255	67.4386
4316	67.98
4379	68.4069
4443	68.7901
4508	69.1115
4573	69.4847
4640	69.694
4707	69.8116
4776	69.9914
4845	70.094
4916	70.1036
4987	70.0922
5060	70.0005
5133	69.9096
5208	69.8886
5284	69.8099
5360	69.7982
5438	69.7982
5518	69.8076
5598	69.8943
5679	70.0181
5762	70.2885
5846	70.4994
5931	70.7034
6017	71.0119
6104	71.5047
6193	72.1068
6283	72.8071
6375	73.6127
6467	74.4568
6561	75.0781
6657	76.1378
6754	76.6997
6852	76.864
6952	76.4911
7053	75.7988
7155	75.0097
7259	74.1491
7365	72.795
7472	71.4565
7581	70.8081
7691	70.3679
7803	69.5888
7916	68.6062
8032	67.6989
8148	66.9329
8267	66.4613
8387	65.8338
8509	65.5018
8633	65.2847
8758	65.0192
8886	65.0162
9015	65.3013
9146	65.7093
9279	66.1958
9414	66.5963
9551	66.7772
9690	66.4622
9831	65.4748
9974	63.9921
10119	62.3084
10266	60.3923
10416	57.977
10567	56.9152
10721	55.6147
10877	54.3115
11035	53.2
11196	52.2132
11358	51.3989
11524	50.7122
11691	50.1997
11861	49.8113
12034	49.6023
12209	49.5061
12386	49.5
12567	49.4939
12749	49.3973
12935	49.1809
13123	48.8288
13314	48.6829
13507	48.5153
13704	48.5005
13903	48.6106
14105	48.8984
14311	49.4712
14519	50.6161
14730	51.3708
14944	52.708
15162	54.4208
15382	56.2876
15606	57.5511
15833	56.4638
16063	51.3074
16297	47.4949
16534	41.4855
16774	40.1665
17018	39.6312
17266	39.1701
17517	38.3736
17772	37.2252
18030	36.0307
18293	34.5038
18559	33.623
18829	32.1779
19102	30.5954
19380	30.1396
20000	31.3125
