












Frequency	dB	Unweighted
19.5	71.5
19.8	71.6
20.1	71.7
20.3	71.7
20.6	71.8
20.9	71.9
21.2	71.9
21.6	72
21.9	72.1
22.2	72.2
22.5	72.2
22.8	72.3
23.2	72.3
23.5	72.3
23.8	72.4
24.2	72.4
24.5	72.5
24.9	72.5
25.3	72.6
25.6	72.6
26	72.6
26.4	72.6
26.8	72.6
27.2	72.7
27.5	72.7
28	72.7
28.4	72.7
28.8	72.7
29.2	72.7
29.6	72.7
30	72.7
30.5	72.8
30.9	72.8
31.4	72.8
31.8	72.8
32.3	72.8
32.8	72.9
33.2	72.9
33.7	72.9
34.2	73
34.7	73
35.2	73
35.7	73
36.2	73.1
36.8	73.1
37.3	73.1
37.9	73.1
38.4	73.1
39	73.1
39.5	73.1
40.1	73.1
40.7	73.2
41.3	73.2
41.9	73.2
42.5	73.2
43.1	73.1
43.7	73.1
44.4	73.1
45	73.1
45.7	73.2
46.3	73.2
47	73.2
47.7	73.2
48.4	73.2
49.1	73.2
49.8	73.2
50.5	73.2
51.3	73.2
52	73.2
52.8	73.2
53.5	73.1
54.3	73.1
55.1	73.1
55.9	73.1
56.7	73.1
57.5	73.2
58.4	73.2
59.2	73.2
60.1	73.2
61	73.2
61.8	73.1
62.7	73.2
63.7	73.2
64.6	73.3
65.5	73.2
66.5	73.2
67.4	73.1
68.4	73.1
69.4	73.1
70.4	73.1
71.5	73.1
72.5	73.2
73.5	73.1
74.6	73.1
75.7	73.1
76.8	73.1
77.9	73.1
79.1	73.1
80.2	73
81.4	73.1
82.6	73.1
83.8	73.1
85	73.1
86.2	73
87.5	73
88.7	73
90	73
91.3	73
92.7	73
94	73
95.4	73
96.8	73
98.2	72.9
99.6	72.9
101	72.8
103	72.8
104	72.8
106	72.8
107	72.8
109	72.8
110	72.7
112	72.7
113	72.7
115	72.7
117	72.7
118	72.7
120	72.7
122	72.7
124	72.6
125	72.6
127	72.6
129	72.6
131	72.6
133	72.6
135	72.5
137	72.5
139	72.5
141	72.5
143	72.4
145	72.4
147	72.4
149	72.3
151	72.3
154	72.2
156	72.2
158	72.2
160	72.2
163	72.1
165	72.1
168	72.1
170	72
172	72
175	72
177	72
180	71.9
183	71.8
185	71.8
188	71.7
191	71.7
194	71.7
196	71.7
199	71.6
202	71.5
205	71.4
208	71.5
211	71.4
214	71.4
217	71.3
220	71.3
224	71.2
227	71.1
230	71
234	71
237	70.8
240	70.8
244	70.7
247	70.7
251	70.6
255	70.6
258	70.5
262	70.3
266	70.3
270	70.2
274	70.1
278	70
282	70
286	69.9
290	69.8
294	69.7
298	69.5
303	69.5
307	69.4
312	69.3
316	69.2
321	69.1
325	69
330	68.9
335	68.8
340	68.7
345	68.6
350	68.4
355	68.4
360	68.3
365	68.2
371	68.1
376	67.9
382	67.8
387	67.7
393	67.7
398	67.5
404	67.4
410	67.3
416	67.1
422	67.1
428	66.9
434	66.9
441	66.8
447	66.7
454	66.6
460	66.5
467	66.4
474	66.3
481	66.2
488	66
495	65.9
502	65.9
509	65.7
517	65.7
524	65.5
532	65.5
540	65.3
547	65.3
555	65.2
563	65.1
572	65.1
580	64.9
588	64.9
597	64.8
606	64.8
614	64.8
623	64.8
632	64.7
642	64.5
651	64.5
660	64.3
670	64.2
680	64.2
690	64.1
700	64.1
710	64.1
720	64
731	63.9
741	63.9
752	63.8
763	63.7
774	63.7
785	63.6
797	63.6
808	63.6
820	63.6
832	63.6
844	63.6
856	63.6
869	63.6
882	63.6
894	63.6
907	63.6
921	63.6
934	63.7
948	63.8
961	63.8
975	64
990	64
1004	64.1
1019	64.2
1033	64.3
1048	64.5
1064	64.6
1079	64.9
1095	65
1111	65.3
1127	65.4
1143	65.5
1160	65.9
1177	66
1194	66.5
1211	66.6
1229	66.9
1247	67
1265	67.2
1283	67.5
1302	67.6
1321	68.1
1340	68.2
1360	68.5
1379	68.6
1399	68.9
1420	69
1440	69.1
1461	69.4
1483	69.5
1504	69.7
1526	69.7
1548	69.9
1571	69.9
1594	70
1617	70.1
1640	70.1
1664	70.1
1688	70.1
1713	70.1
1738	70
1763	69.9
1789	69.9
1815	69.8
1841	69.5
1868	69.4
1895	69.2
1923	69.1
1951	68.8
1979	68.7
2008	68.4
2037	68.2
2067	68.2
2097	68
2127	67.9
2158	67.9
2190	67.9
2221	68
2254	68
2287	68.1
2320	68.3
2354	68.4
2388	68.4
2423	68.3
2458	68
2494	67.9
2530	67.4
2567	67.1
2604	66.9
2642	66.5
2680	66.4
2719	66
2759	65.9
2799	65.7
2840	65.6
2881	65.5
2923	65.4
2965	65.4
3008	65.5
3052	65.5
3097	65.7
3142	65.8
3187	66
3234	66.3
3281	66.4
3328	66.9
3377	67.1
3426	67.8
3476	68
3526	68.8
3578	69.3
3630	69.6
3682	70
3736	70.1
3790	70
3846	69.9
3901	69.1
3958	68.5
4016	67.9
4074	67.2
4133	66.9
4194	65.8
4255	65.5
4316	64.3
4379	63.7
4443	63.1
4508	62.6
4573	62.2
4640	61.9
4707	61.7
4776	61
4845	60.5
4916	60.2
4987	60.2
5060	60.5
5133	61
5208	61.3
5284	62.6
5360	63
5438	64.6
5518	65.7
5598	66.8
5679	67.8
5762	68.6
5846	69
5931	69.2
6017	69
6104	68.5
6193	68
6283	67.4
6375	66.8
6467	66.2
6561	65.9
6657	64.1
6754	63.7
6852	64.4
6952	65.8
7053	67.1
7155	68.1
7259	68.9
7365	69.8
7472	70.7
7581	71.7
7691	72.6
7803	73.3
7916	73.7
8032	73.6
8148	73.1
8267	72.8
8387	71.4
8509	70.5
8633	69.6
8758	68.8
8886	68.1
9015	67.5
9146	67
9279	66.5
9414	65.9
9551	65.4
9690	65
9831	64.5
9974	63.8
10119	62.6
10266	61
10416	57.9
10567	56.9
10721	54.9
10877	53.1
11035	51.5
11196	50.2
11358	49.2
11524	48.5
11691	48.3
11861	48.5
12034	49
12209	49.7
12386	50.4
12567	51.1
12749	51.8
12935	52.3
13123	53.1
13314	53.5
13507	54.4
13704	55.4
13903	56.7
14105	58
14311	59.5
14519	61.9
14730	62.6
14944	63.7
15162	64.3
15382	64.5
15606	64.4
15833	64.3
16063	63.8
16297	63.8
16534	64.4
16774	64.8
17018	65.7
17266	66.5
17517	66.4
17772	65
18030	62.7
18293	59
18559	57.9
18829	55.9
19102	54.1
19380	52.3
20000	50.5
overall dB	94.1 dB
decay	Average
averaging	No Smoothing
source	Headset Microphone 1 Low Range


saved	15/10/22, 12:28 PM
peak	22.0Hz
