












Frequency	dB	Unweighted
19.5	75.2
19.8	75.2
20.1	75.3
20.3	75.3
20.6	75.4
20.9	75.4
21.2	75.4
21.6	75.4
21.9	75.5
22.2	75.5
22.5	75.5
22.8	75.5
23.2	75.5
23.5	75.5
23.8	75.5
24.2	75.5
24.5	75.5
24.9	75.4
25.3	75.4
25.6	75.4
26	75.4
26.4	75.4
26.8	75.4
27.2	75.3
27.5	75.3
28	75.3
28.4	75.3
28.8	75.2
29.2	75.2
29.6	75.2
30	75.2
30.5	75.2
30.9	75.2
31.4	75.1
31.8	75.1
32.3	75.1
32.8	75
33.2	75
33.7	75
34.2	75
34.7	75
35.2	74.9
35.7	74.9
36.2	74.9
36.8	74.9
37.3	74.9
37.9	74.8
38.4	74.8
39	74.7
39.5	74.7
40.1	74.7
40.7	74.6
41.3	74.6
41.9	74.5
42.5	74.5
43.1	74.4
43.7	74.4
44.4	74.3
45	74.3
45.7	74.2
46.3	74.1
47	74.1
47.7	74
48.4	73.9
49.1	73.9
49.8	73.9
50.5	74
51.3	73.9
52	73.9
52.8	73.8
53.5	73.8
54.3	73.7
55.1	73.6
55.9	73.4
56.7	73.3
57.5	73.1
58.4	73
59.2	72.9
60.1	72.8
61	72.8
61.8	72.7
62.7	72.7
63.7	72.7
64.6	72.6
65.5	72.5
66.5	72.4
67.4	72.3
68.4	72.2
69.4	72.1
70.4	71.9
71.5	71.8
72.5	71.6
73.5	71.5
74.6	71.4
75.7	71.3
76.8	71.2
77.9	71.2
79.1	71.1
80.2	71
81.4	70.8
82.6	70.7
83.8	70.6
85	70.6
86.2	70.3
87.5	70.3
88.7	70
90	69.9
91.3	69.8
92.7	69.6
94	69.5
95.4	69.4
96.8	69.4
98.2	69.3
99.6	69.1
101	69
103	68.9
104	68.8
106	68.7
107	68.7
109	68.3
110	68.1
112	68
113	68
115	67.8
117	67.7
118	67.6
120	67.4
122	67.2
124	67.1
125	67
127	66.9
129	66.7
131	66.6
133	66.5
135	66.4
137	66.2
139	66
141	66
143	65.8
145	65.5
147	65.4
149	65.3
151	65.3
154	65.1
156	64.9
158	64.8
160	64.7
163	64.6
165	64.4
168	64.3
170	64.1
172	64.1
175	64
177	63.8
180	63.7
183	63.6
185	63.5
188	63.3
191	63.2
194	63
196	62.9
199	62.8
202	62.7
205	62.4
208	62.4
211	62.3
214	62.1
217	62
220	61.9
224	61.7
227	61.6
230	61.5
234	61.4
237	61.3
240	61.2
244	61.1
247	61
251	60.9
255	60.8
258	60.7
262	60.6
266	60.5
270	60.3
274	60.3
278	60.3
282	60.1
286	60
290	60
294	59.9
298	59.8
303	59.8
307	59.8
312	59.7
316	59.7
321	59.6
325	59.5
330	59.4
335	59.4
340	59.5
345	59.4
350	59.3
355	59.3
360	59.3
365	59.3
371	59.3
376	59.3
382	59.3
387	59.3
393	59.3
398	59.3
404	59.3
410	59.3
416	59.3
422	59.3
428	59.2
434	59.3
441	59.3
447	59.3
454	59.3
460	59.3
467	59.3
474	59.3
481	59.3
488	59.4
495	59.4
502	59.3
509	59.3
517	59.3
524	59.3
532	59.3
540	59.4
547	59.4
555	59.4
563	59.2
572	59.3
580	59.3
588	59.3
597	59.2
606	59.2
614	59.2
623	59.1
632	59.1
642	59.1
651	59.1
660	59
670	59.1
680	59
690	59
700	58.9
710	58.9
720	58.9
731	58.8
741	58.8
752	58.8
763	58.7
774	58.6
785	58.6
797	58.6
808	58.6
820	58.6
832	58.5
844	58.5
856	58.4
869	58.5
882	58.5
894	58.5
907	58.5
921	58.4
934	58.4
948	58.5
961	58.5
975	58.6
990	58.6
1004	58.6
1019	58.7
1033	58.8
1048	58.9
1064	59
1079	59.3
1095	59.3
1111	59.5
1127	59.6
1143	59.6
1160	59.8
1177	59.9
1194	60.2
1211	60.3
1229	60.5
1247	60.6
1265	60.6
1283	60.8
1302	60.9
1321	61.1
1340	61.1
1360	61.2
1379	61.3
1399	61.4
1420	61.4
1440	61.5
1461	61.7
1483	61.7
1504	61.8
1526	61.8
1548	62
1571	62
1594	62.1
1617	62.2
1640	62.2
1664	62.4
1688	62.4
1713	62.6
1738	62.7
1763	62.9
1789	63
1815	63
1841	63.2
1868	63.3
1895	63.5
1923	63.5
1951	63.8
1979	63.9
2008	64.1
2037	64.3
2067	64.4
2097	64.7
2127	64.8
2158	65.1
2190	65.2
2221	65.5
2254	65.6
2287	65.7
2320	66.2
2354	66.3
2388	66.7
2423	66.8
2458	67.2
2494	67.3
2530	67.7
2567	68
2604	68.1
2642	68.5
2680	68.6
2719	69.1
2759	69.2
2799	69.6
2840	69.9
2881	70
2923	70.4
2965	70.5
3008	70.9
3052	71
3097	71.3
3142	71.4
3187	71.6
3234	71.8
3281	71.9
3328	72
3377	72.1
3426	72.3
3476	72.3
3526	72.6
3578	72.8
3630	72.9
3682	73.1
3736	73.2
3790	73.3
3846	73.4
3901	73.4
3958	73.3
4016	73.2
4074	73
4133	72.9
4194	72.6
4255	72.5
4316	72.2
4379	71.9
4443	71.7
4508	71.4
4573	71.2
4640	71
4707	70.9
4776	70.7
4845	70.6
4916	70.5
4987	70.4
5060	70.3
5133	70.3
5208	70.2
5284	70.2
5360	70.1
5438	70.2
5518	70.2
5598	70.3
5679	70.5
5762	70.7
5846	70.9
5931	71
6017	71.6
6104	72
6193	72.6
6283	73.2
6375	73.8
6467	74.5
6561	74.9
6657	75.4
6754	75
6852	73.8
6952	71.9
7053	69.7
7155	67.4
7259	65.3
7365	63.6
7472	62.5
7581	62
7691	62.1
7803	62.5
7916	63.1
8032	63.7
8148	64.2
8267	64.5
8387	64.9
8509	65.1
8633	65.2
8758	65.1
8886	64.8
9015	64.6
9146	64.3
9279	64
9414	63.8
9551	63.6
9690	63.5
9831	63.5
9974	63.5
10119	63.7
10266	63.8
10416	64.3
10567	64.4
10721	64.5
10877	64.4
11035	63.8
11196	62.8
11358	61.2
11524	59.4
11691	57.6
11861	56
12034	55
12209	54.6
12386	54.7
12567	55.3
12749	56.2
12935	57.2
13123	58.5
13314	58.9
13507	59.5
13704	59.9
13903	60.1
14105	60.3
14311	60.3
14519	60.4
14730	60.5
14944	60.6
15162	60.9
15382	61.3
15606	61.9
15833	62.6
16063	63.9
16297	64.5
16534	66.1
16774	66.5
17018	66.9
17266	66.4
17517	65.1
17772	63.3
18030	61.2
18293	57.9
18559	56.7
18829	54.3
19102	51.7
19380	48.7
20000	45.1
overall dB	94.2 dB
decay	Average
averaging	No Smoothing
source	Headset Mic 1 Low Range


saved	5/3/21, 9:10 PM
peak	19.0Hz
