












Frequency	dB	Unweighted
19.5	65.9
19.8	65.9
20.1	66
20.3	66
20.6	66.1
20.9	66.1
21.2	66.1
21.6	66.1
21.9	66.1
22.2	66.1
22.5	66.1
22.8	66.1
23.2	66.1
23.5	66.1
23.8	66.1
24.2	66.1
24.5	66.1
24.9	66.1
25.3	66.1
25.6	66.1
26	66.2
26.4	66.2
26.8	66.2
27.2	66.2
27.5	66.2
28	66.1
28.4	66.1
28.8	66.1
29.2	66
29.6	66
30	65.9
30.5	65.8
30.9	65.8
31.4	65.8
31.8	65.8
32.3	65.8
32.8	65.8
33.2	65.7
33.7	65.7
34.2	65.7
34.7	65.7
35.2	65.8
35.7	65.8
36.2	65.9
36.8	65.9
37.3	65.8
37.9	65.8
38.4	65.7
39	65.6
39.5	65.6
40.1	65.6
40.7	65.6
41.3	65.6
41.9	65.6
42.5	65.6
43.1	65.5
43.7	65.5
44.4	65.5
45	65.5
45.7	65.6
46.3	65.6
47	65.6
47.7	65.5
48.4	65.5
49.1	65.4
49.8	65.4
50.5	65.4
51.3	65.3
52	65.3
52.8	65.2
53.5	65.1
54.3	65.1
55.1	65.1
55.9	65.1
56.7	65.1
57.5	65.1
58.4	65.2
59.2	65.1
60.1	65.1
61	65.1
61.8	65.1
62.7	65.1
63.7	65.1
64.6	65.1
65.5	65
66.5	65
67.4	65
68.4	64.9
69.4	64.9
70.4	64.9
71.5	64.9
72.5	64.9
73.5	64.9
74.6	64.9
75.7	64.9
76.8	64.9
77.9	64.8
79.1	64.8
80.2	64.7
81.4	64.7
82.6	64.7
83.8	64.8
85	64.8
86.2	64.9
87.5	64.9
88.7	64.9
90	64.9
91.3	64.9
92.7	64.9
94	64.9
95.4	65
96.8	65
98.2	65
99.6	64.9
101	65
103	65
104	65
106	65
107	65
109	65.1
110	65.2
112	65.2
113	65.3
115	65.3
117	65.3
118	65.3
120	65.4
122	65.4
124	65.4
125	65.5
127	65.5
129	65.5
131	65.6
133	65.6
135	65.7
137	65.7
139	65.7
141	65.8
143	65.8
145	65.8
147	65.9
149	65.9
151	65.9
154	66
156	66
158	66
160	66.1
163	66.1
165	66.1
168	66.2
170	66.3
172	66.3
175	66.3
177	66.4
180	66.4
183	66.5
185	66.5
188	66.5
191	66.6
194	66.6
196	66.6
199	66.7
202	66.7
205	66.7
208	66.7
211	66.8
214	66.8
217	66.8
220	66.9
224	66.9
227	66.9
230	66.9
234	66.9
237	66.9
240	66.9
244	67
247	67
251	66.9
255	67
258	67
262	67
266	67
270	67
274	67
278	67
282	67.1
286	67.1
290	67.1
294	67.1
298	67.1
303	67.1
307	67.1
312	67.1
316	67.1
321	67.1
325	67.1
330	67.1
335	67.1
340	67.1
345	67.1
350	67.1
355	67.1
360	67.1
365	67.1
371	67.1
376	67.1
382	67.1
387	67.1
393	67.1
398	67.1
404	67.1
410	67.1
416	67
422	67
428	67
434	67.1
441	67.1
447	67
454	67
460	67
467	67
474	67
481	67
488	67
495	67
502	67
509	67
517	67
524	67
532	67
540	67
547	67
555	67
563	67
572	67
580	67
588	67
597	67
606	67
614	67
623	67
632	67
642	67
651	67
660	67
670	67
680	67
690	67
700	67
710	67
720	67
731	67
741	67
752	67.1
763	67
774	67
785	67
797	67.1
808	67.1
820	67.1
832	67.1
844	67.1
856	67.1
869	67.1
882	67.2
894	67.2
907	67.2
921	67.3
934	67.3
948	67.4
961	67.4
975	67.6
990	67.6
1004	67.7
1019	67.8
1033	67.8
1048	68
1064	68
1079	68.3
1095	68.3
1111	68.5
1127	68.6
1143	68.6
1160	68.7
1177	68.6
1194	68.7
1211	68.7
1229	68.5
1247	68.5
1265	68.4
1283	68.1
1302	68
1321	67.5
1340	67.4
1360	66.9
1379	66.8
1399	66.3
1420	66.2
1440	66
1461	65.4
1483	65.2
1504	64.8
1526	64.7
1548	64.3
1571	64.1
1594	64
1617	63.7
1640	63.6
1664	63.3
1688	63.2
1713	63
1738	63
1763	62.9
1789	62.9
1815	62.8
1841	62.8
1868	62.8
1895	62.9
1923	62.9
1951	63
1979	63
2008	63.2
2037	63.3
2067	63.4
2097	63.7
2127	63.8
2158	64
2190	64.1
2221	64.5
2254	64.6
2287	64.8
2320	65.3
2354	65.5
2388	66
2423	66.2
2458	66.7
2494	66.9
2530	67.5
2567	67.9
2604	68.2
2642	68.8
2680	68.9
2719	69.4
2759	69.5
2799	69.7
2840	69.6
2881	69.6
2923	69.3
2965	69.1
3008	68.6
3052	68.5
3097	68
3142	67.7
3187	67.5
3234	67.3
3281	67.1
3328	67
3377	67
3426	67
3476	67
3526	67.1
3578	67.3
3630	67.4
3682	67.7
3736	67.8
3790	68.3
3846	68.4
3901	68.9
3958	69.2
4016	69.4
4074	69.6
4133	69.7
4194	69.8
4255	69.8
4316	69.7
4379	69.5
4443	69.2
4508	69
4573	68.6
4640	68.4
4707	68.2
4776	67.9
4845	67.8
4916	67.7
4987	67.8
5060	67.9
5133	68.1
5208	68.2
5284	68.7
5360	68.9
5438	69.4
5518	69.8
5598	70.3
5679	70.8
5762	71.4
5846	72.1
5931	72.4
6017	73.6
6104	74.4
6193	75.1
6283	75.8
6375	76.2
6467	76.3
6561	76.3
6657	75.9
6754	75.7
6852	75.4
6952	75.3
7053	75.2
7155	75.4
7259	75.7
7365	76.2
7472	76.9
7581	77.9
7691	79
7803	80.1
7916	81.1
8032	81.6
8148	81.4
8267	81.1
8387	79.5
8509	78.3
8633	77.1
8758	76
8886	74.8
9015	73.5
9146	72.2
9279	70.8
9414	69.5
9551	68.2
9690	67
9831	66
9974	65.1
10119	64.4
10266	63.8
10416	63.3
10567	63.2
10721	63.1
10877	63.1
11035	63
11196	62.7
11358	62.1
11524	61.2
11691	60.1
11861	59
12034	57.9
12209	57
12386	56.4
12567	56.1
12749	56.1
12935	56.3
13123	57
13314	57.3
13507	58.1
13704	59.1
13903	60.2
14105	61.2
14311	61.9
14519	61.7
14730	61.1
14944	60
15162	59
15382	58.2
15606	57.8
15833	57.7
16063	58.1
16297	58.5
16534	59.9
16774	60.6
17018	62.1
17266	63.8
17517	65.4
17772	66.6
18030	67.6
18293	68.7
18559	68.6
18829	68
19102	66.4
19380	64
20000	60
overall dB	92.8 dB
decay	Average
averaging	No Smoothing
source	Headset Mic 1 Low Range


saved	17/2/21, 7:09 PM
peak	20.5Hz
