












Frequency	dB	Unweighted
19.5	72
19.8	72.1
20.1	72.3
20.3	72.3
20.6	72.5
20.9	72.5
21.2	72.6
21.6	72.8
21.9	72.8
22.2	72.9
22.5	73
22.8	73.1
23.2	73.1
23.5	73.2
23.8	73.3
24.2	73.4
24.5	73.5
24.9	73.5
25.3	73.6
25.6	73.6
26	73.6
26.4	73.7
26.8	73.7
27.2	73.7
27.5	73.7
28	73.8
28.4	73.8
28.8	73.9
29.2	73.9
29.6	73.9
30	74
30.5	74
30.9	74
31.4	74.1
31.8	74.1
32.3	74.1
32.8	74.1
33.2	74.2
33.7	74.2
34.2	74.2
34.7	74.3
35.2	74.3
35.7	74.4
36.2	74.4
36.8	74.4
37.3	74.4
37.9	74.4
38.4	74.4
39	74.5
39.5	74.5
40.1	74.6
40.7	74.6
41.3	74.6
41.9	74.6
42.5	74.6
43.1	74.6
43.7	74.6
44.4	74.6
45	74.6
45.7	74.6
46.3	74.6
47	74.6
47.7	74.6
48.4	74.6
49.1	74.7
49.8	74.7
50.5	74.7
51.3	74.7
52	74.7
52.8	74.7
53.5	74.7
54.3	74.6
55.1	74.6
55.9	74.5
56.7	74.5
57.5	74.6
58.4	74.6
59.2	74.6
60.1	74.5
61	74.5
61.8	74.4
62.7	74.4
63.7	74.5
64.6	74.5
65.5	74.4
66.5	74.4
67.4	74.3
68.4	74.4
69.4	74.4
70.4	74.3
71.5	74.3
72.5	74.3
73.5	74.3
74.6	74.2
75.7	74.2
76.8	74.2
77.9	74.2
79.1	74.1
80.2	74.1
81.4	74
82.6	74.1
83.8	74.1
85	74
86.2	73.9
87.5	73.8
88.7	73.8
90	73.8
91.3	73.8
92.7	73.7
94	73.6
95.4	73.6
96.8	73.6
98.2	73.5
99.6	73.5
101	73.4
103	73.3
104	73.3
106	73.3
107	73.3
109	73.1
110	73.1
112	73
113	73
115	73
117	72.9
118	72.9
120	72.9
122	72.9
124	72.8
125	72.7
127	72.6
129	72.6
131	72.6
133	72.5
135	72.3
137	72.3
139	72.2
141	72.1
143	72.1
145	72
147	72
149	71.9
151	71.8
154	71.7
156	71.7
158	71.7
160	71.6
163	71.5
165	71.4
168	71.4
170	71.3
172	71.2
175	71.1
177	71
180	70.9
183	70.8
185	70.7
188	70.7
191	70.6
194	70.5
196	70.5
199	70.4
202	70.3
205	70.1
208	70.1
211	70.1
214	69.9
217	69.9
220	69.8
224	69.7
227	69.5
230	69.5
234	69.4
237	69.3
240	69.2
244	69.1
247	69
251	68.9
255	68.8
258	68.7
262	68.6
266	68.6
270	68.4
274	68.4
278	68.3
282	68.2
286	68.1
290	68
294	67.8
298	67.7
303	67.6
307	67.4
312	67.4
316	67.3
321	67.2
325	67.1
330	66.9
335	66.9
340	66.7
345	66.6
350	66.5
355	66.3
360	66.3
365	66.1
371	66
376	65.8
382	65.7
387	65.5
393	65.4
398	65.3
404	65.1
410	65
416	64.8
422	64.7
428	64.5
434	64.5
441	64.3
447	64.2
454	64
460	63.9
467	63.8
474	63.7
481	63.7
488	63.6
495	63.6
502	63.6
509	63.6
517	63.6
524	63.6
532	63.6
540	63.7
547	63.7
555	63.7
563	63.8
572	63.8
580	63.8
588	63.7
597	63.7
606	63.7
614	63.7
623	63.7
632	63.6
642	63.6
651	63.6
660	63.5
670	63.4
680	63.4
690	63.3
700	63.2
710	63.1
720	63.1
731	63
741	63
752	62.8
763	62.7
774	63
785	63.2
797	63.2
808	63.1
820	63.1
832	63.1
844	63.1
856	63.1
869	63.1
882	63
894	63.1
907	63
921	63.1
934	63.1
948	63.2
961	63.2
975	63.3
990	63.3
1004	63.4
1019	63.5
1033	63.6
1048	63.8
1064	63.9
1079	64.2
1095	64.2
1111	64.5
1127	64.6
1143	64.7
1160	65
1177	65.1
1194	65.6
1211	65.7
1229	66.1
1247	66.2
1265	66.3
1283	66.7
1302	66.8
1321	67.3
1340	67.4
1360	67.7
1379	67.8
1399	68.2
1420	68.3
1440	68.4
1461	68.9
1483	69
1504	69.3
1526	69.5
1548	69.9
1571	70
1594	70.1
1617	70.4
1640	70.6
1664	71.1
1688	71.2
1713	71.6
1738	71.7
1763	72.2
1789	72.3
1815	72.5
1841	73
1868	73.1
1895	73.5
1923	73.6
1951	74
1979	74.1
2008	74.3
2037	74.5
2067	74.5
2097	74.7
2127	74.7
2158	74.8
2190	74.8
2221	74.8
2254	74.8
2287	74.8
2320	74.7
2354	74.6
2388	74.5
2423	74.5
2458	74.4
2494	74.4
2530	74.2
2567	74.1
2604	74.1
2642	74
2680	74
2719	73.9
2759	73.8
2799	73.8
2840	73.8
2881	73.8
2923	73.8
2965	73.8
3008	73.8
3052	73.8
3097	73.8
3142	73.8
3187	73.8
3234	73.9
3281	73.9
3328	73.9
3377	74
3426	74.1
3476	74.1
3526	74.2
3578	74.3
3630	74.4
3682	74.6
3736	74.6
3790	74.8
3846	74.8
3901	74.8
3958	74.7
4016	74.6
4074	74.4
4133	74.4
4194	74.4
4255	74.4
4316	74.5
4379	74.7
4443	74.9
4508	75.1
4573	75.3
4640	75.5
4707	75.7
4776	76
4845	76.3
4916	76.4
4987	76.6
5060	76.6
5133	76.5
5208	76.5
5284	76.1
5360	75.9
5438	75.4
5518	75
5598	74.6
5679	74.3
5762	74.1
5846	74.1
5931	74.1
6017	74.3
6104	74.3
6193	74
6283	73.5
6375	72.8
6467	72.1
6561	71.8
6657	71.1
6754	70.7
6852	70.6
6952	70.5
7053	70.6
7155	70.8
7259	71.1
7365	71.6
7472	72.2
7581	72.9
7691	73.8
7803	74.8
7916	75.5
8032	75.8
8148	75.4
8267	75.1
8387	73.2
8509	71.8
8633	70.5
8758	69.3
8886	68.2
9015	67.4
9146	66.7
9279	66.1
9414	65.8
9551	65.6
9690	65.6
9831	65.8
9974	66.2
10119	66.7
10266	67.2
10416	67.4
10567	67.1
10721	66.1
10877	65
11035	64
11196	63.3
11358	62.8
11524	62.4
11691	61.9
11861	61.4
12034	60.9
12209	60.5
12386	60.3
12567	60.2
12749	60.2
12935	60.1
13123	60.1
13314	60.1
13507	60.1
13704	59.9
13903	59.7
14105	59.5
14311	59.4
14519	59.4
14730	59.6
14944	60.3
15162	61.4
15382	63
15606	64.9
15833	66.2
16063	66.1
16297	65.1
16534	61.9
16774	61
17018	59.6
17266	58.6
17517	58
17772	57.8
18030	58
18293	59.1
18559	59.5
18829	59.4
19102	57.6
19380	54.5
20000	51.2
overall dB	95.9 dB
decay	Average
averaging	No Smoothing
source	Headset Microphone 1 Low Range


saved	9/9/22, 8:57 PM
peak	24.9Hz
