












Frequency	dB	Unweighted
19.5	73.7
19.8	73.8
20.1	73.9
20.3	73.9
20.6	74
20.9	74
21.2	74.1
21.6	74.2
21.9	74.2
22.2	74.3
22.5	74.3
22.8	74.4
23.2	74.4
23.5	74.4
23.8	74.4
24.2	74.4
24.5	74.5
24.9	74.5
25.3	74.5
25.6	74.5
26	74.5
26.4	74.5
26.8	74.5
27.2	74.5
27.5	74.5
28	74.5
28.4	74.6
28.8	74.6
29.2	74.6
29.6	74.6
30	74.6
30.5	74.6
30.9	74.6
31.4	74.6
31.8	74.6
32.3	74.6
32.8	74.7
33.2	74.7
33.7	74.7
34.2	74.7
34.7	74.7
35.2	74.7
35.7	74.7
36.2	74.6
36.8	74.5
37.3	74.5
37.9	74.5
38.4	74.5
39	74.5
39.5	74.5
40.1	74.5
40.7	74.5
41.3	74.4
41.9	74.4
42.5	74.4
43.1	74.3
43.7	74.3
44.4	74.2
45	74.2
45.7	74.2
46.3	74.3
47	74.3
47.7	74.3
48.4	74.3
49.1	74.2
49.8	74.1
50.5	74.1
51.3	74
52	73.9
52.8	73.9
53.5	73.8
54.3	73.8
55.1	73.8
55.9	73.7
56.7	73.7
57.5	73.7
58.4	73.6
59.2	73.6
60.1	73.5
61	73.4
61.8	73.3
62.7	73.3
63.7	73.3
64.6	73.3
65.5	73.2
66.5	73.1
67.4	73.1
68.4	73
69.4	72.9
70.4	72.9
71.5	72.9
72.5	72.9
73.5	72.9
74.6	72.7
75.7	72.7
76.8	72.7
77.9	72.6
79.1	72.5
80.2	72.5
81.4	72.5
82.6	72.5
83.8	72.4
85	72.3
86.2	72.3
87.5	72.3
88.7	72
90	71.9
91.3	72
92.7	71.9
94	71.8
95.4	71.8
96.8	71.7
98.2	71.6
99.6	71.4
101	71.3
103	71.2
104	71.1
106	71.1
107	71.1
109	71
110	71
112	70.9
113	70.8
115	70.7
117	70.6
118	70.6
120	70.6
122	70.5
124	70.3
125	70.1
127	70.2
129	70.2
131	70.1
133	69.9
135	69.7
137	69.7
139	69.7
141	69.7
143	69.6
145	69.5
147	69.5
149	69.4
151	69.1
154	69
156	69
158	69
160	68.9
163	68.8
165	68.6
168	68.6
170	68.6
172	68.5
175	68.4
177	68.4
180	68.2
183	68.1
185	68.1
188	68
191	68
194	68
196	67.9
199	67.8
202	67.6
205	67.4
208	67.3
211	67.3
214	67.4
217	67.3
220	67.2
224	67.2
227	67.1
230	67
234	66.9
237	66.8
240	66.7
244	66.7
247	66.6
251	66.5
255	66.5
258	66.4
262	66.4
266	66.3
270	66.2
274	66.2
278	66.1
282	66
286	65.9
290	65.8
294	65.8
298	65.7
303	65.8
307	65.7
312	65.7
316	65.6
321	65.5
325	65.4
330	65.2
335	65.2
340	65.2
345	65
350	65
355	65.1
360	65
365	65
371	64.9
376	65
382	64.9
387	64.7
393	64.7
398	64.7
404	64.7
410	64.7
416	64.6
422	64.6
428	64.6
434	64.5
441	64.5
447	64.5
454	64.4
460	64.4
467	64.4
474	64.3
481	64.3
488	64.2
495	64.2
502	64.3
509	64.2
517	64.2
524	64.1
532	64.1
540	64.1
547	64.1
555	64.1
563	64.1
572	64
580	64.1
588	64
597	64
606	64
614	64
623	64
632	64
642	64.1
651	64
660	64
670	64
680	64
690	63.9
700	63.9
710	63.8
720	63.9
731	63.8
741	63.8
752	63.8
763	63.8
774	63.8
785	63.8
797	63.8
808	63.8
820	63.8
832	63.9
844	63.9
856	63.9
869	63.9
882	63.8
894	63.8
907	63.9
921	63.9
934	64
948	64
961	64
975	64.1
990	64.2
1004	64.2
1019	64.3
1033	64.3
1048	64.5
1064	64.5
1079	64.8
1095	64.8
1111	65.1
1127	65.2
1143	65.2
1160	65.4
1177	65.5
1194	65.8
1211	65.9
1229	66.1
1247	66.2
1265	66.3
1283	66.6
1302	66.6
1321	66.9
1340	67
1360	67.1
1379	67.2
1399	67.4
1420	67.4
1440	67.5
1461	67.6
1483	67.7
1504	67.8
1526	67.8
1548	67.9
1571	67.9
1594	67.9
1617	68
1640	68.1
1664	68.2
1688	68.2
1713	68.3
1738	68.3
1763	68.4
1789	68.4
1815	68.4
1841	68.6
1868	68.6
1895	68.7
1923	68.7
1951	68.8
1979	68.8
2008	69
2037	69
2067	69
2097	69.1
2127	69.1
2158	69.2
2190	69.2
2221	69.3
2254	69.3
2287	69.3
2320	69.4
2354	69.4
2388	69.4
2423	69.4
2458	69.4
2494	69.4
2530	69.3
2567	69.3
2604	69.3
2642	69.3
2680	69.3
2719	69.2
2759	69.2
2799	69.1
2840	69
2881	69
2923	69
2965	68.9
3008	68.9
3052	68.9
3097	68.8
3142	68.8
3187	68.8
3234	68.8
3281	68.8
3328	68.8
3377	68.8
3426	68.9
3476	68.9
3526	69
3578	69.1
3630	69.1
3682	69.3
3736	69.3
3790	69.5
3846	69.6
3901	69.7
3958	69.8
4016	69.9
4074	69.9
4133	69.9
4194	70
4255	70
4316	70.1
4379	70.2
4443	70.2
4508	70.4
4573	70.5
4640	70.7
4707	70.8
4776	71.1
4845	71.3
4916	71.5
4987	71.6
5060	71.4
5133	71
5208	70.7
5284	69.3
5360	68.8
5438	67.6
5518	67.1
5598	66.7
5679	66.5
5762	66.4
5846	66.4
5931	66.4
6017	66.6
6104	66.8
6193	67
6283	67.2
6375	67.4
6467	67.5
6561	67.5
6657	67.3
6754	67
6852	66.6
6952	66.5
7053	66.5
7155	66.6
7259	66.8
7365	66.9
7472	66.9
7581	66.7
7691	66.4
7803	66
7916	65.6
8032	65.3
8148	64.9
8267	64.8
8387	64.5
8509	64.5
8633	64.4
8758	64.5
8886	64.5
9015	64.6
9146	64.6
9279	64.8
9414	64.9
9551	65.1
9690	65.1
9831	65
9974	64.6
10119	63.9
10266	63
10416	61.5
10567	61
10721	60
10877	59
11035	58
11196	57.2
11358	56.5
11524	55.9
11691	55.5
11861	55.3
12034	55.2
12209	55.1
12386	55.2
12567	55.3
12749	55.5
12935	55.7
13123	56.1
13314	56.1
13507	56
13704	55.8
13903	55.5
14105	55.1
14311	54.8
14519	54.3
14730	54.2
14944	53.9
15162	53.5
15382	53.2
15606	52.3
15833	50.5
16063	50.3
16297	51.9
16534	56.1
16774	57.1
17018	59.1
17266	61.2
17517	63.5
17772	66.1
18030	68.1
18293	67.8
18559	66.5
18829	63.8
19102	60.9
19380	57.4
20000	52.5
overall dB	94.1 dB
decay	Average
averaging	No Smoothing
source	Headset Mic 1 Low Range


saved	1/12/18, 2:44 PM
peak	20.5Hz
