












Frequency	dB	Unweighted
19.5	70.5
19.8	70.5
20.1	70.7
20.3	70.7
20.6	70.8
20.9	70.8
21.2	70.8
21.6	70.9
21.9	71
22.2	71.1
22.5	71.1
22.8	71.2
23.2	71.3
23.5	71.3
23.8	71.5
24.2	71.5
24.5	71.6
24.9	71.6
25.3	71.7
25.6	71.8
26	71.9
26.4	71.9
26.8	72
27.2	72.1
27.5	72.1
28	72.2
28.4	72.2
28.8	72.3
29.2	72.3
29.6	72.3
30	72.3
30.5	72.3
30.9	72.2
31.4	72.2
31.8	72.2
32.3	72.2
32.8	72.3
33.2	72.4
33.7	72.4
34.2	72.5
34.7	72.5
35.2	72.5
35.7	72.5
36.2	72.5
36.8	72.6
37.3	72.6
37.9	72.6
38.4	72.6
39	72.6
39.5	72.6
40.1	72.7
40.7	72.7
41.3	72.8
41.9	72.8
42.5	72.8
43.1	72.7
43.7	72.6
44.4	72.6
45	72.6
45.7	72.8
46.3	73
47	73
47.7	73.1
48.4	73.1
49.1	73.1
49.8	73
50.5	73
51.3	73
52	73
52.8	72.9
53.5	72.9
54.3	73
55.1	73
55.9	73
56.7	73
57.5	73
58.4	73
59.2	72.9
60.1	72.9
61	72.9
61.8	72.9
62.7	72.9
63.7	72.9
64.6	73
65.5	73.1
66.5	73
67.4	73
68.4	72.8
69.4	72.8
70.4	72.9
71.5	73
72.5	73.1
73.5	73.1
74.6	73
75.7	72.9
76.8	72.9
77.9	72.9
79.1	72.8
80.2	72.7
81.4	72.8
82.6	72.9
83.8	73
85	73
86.2	73
87.5	73
88.7	72.8
90	72.7
91.3	72.8
92.7	72.8
94	72.9
95.4	72.9
96.8	72.9
98.2	72.8
99.6	72.7
101	72.7
103	72.8
104	72.9
106	72.8
107	72.7
109	72.8
110	72.8
112	72.8
113	72.8
115	72.7
117	72.6
118	72.6
120	72.6
122	72.6
124	72.6
125	72.6
127	72.5
129	72.5
131	72.4
133	72.4
135	72.4
137	72.5
139	72.5
141	72.5
143	72.5
145	72.4
147	72.2
149	72.2
151	72.2
154	72.2
156	72.1
158	72.2
160	72.2
163	72.1
165	72.1
168	72.1
170	72
172	72
175	72.1
177	72
180	72
183	72
185	72
188	71.9
191	71.9
194	71.9
196	71.9
199	71.9
202	72
205	71.9
208	71.8
211	71.7
214	71.7
217	71.7
220	71.7
224	71.7
227	71.6
230	71.6
234	71.5
237	71.4
240	71.3
244	71.3
247	71.3
251	71.2
255	71.1
258	71.1
262	71.1
266	71.1
270	71
274	71
278	70.9
282	70.9
286	70.9
290	70.8
294	70.7
298	70.7
303	70.7
307	70.7
312	70.6
316	70.5
321	70.4
325	70.4
330	70.3
335	70.3
340	70.2
345	70.1
350	70.2
355	70.1
360	69.9
365	69.9
371	69.9
376	69.8
382	69.7
387	69.6
393	69.6
398	69.6
404	69.5
410	69.5
416	69.3
422	69.3
428	69.2
434	69.2
441	69.1
447	69
454	69
460	68.9
467	68.8
474	68.8
481	68.7
488	68.6
495	68.6
502	68.5
509	68.4
517	68.4
524	68.3
532	68.3
540	68.1
547	68.1
555	68
563	67.9
572	67.9
580	67.8
588	67.7
597	67.6
606	67.6
614	67.5
623	67.4
632	67.4
642	67.3
651	67.2
660	67.1
670	67.1
680	67
690	67
700	66.9
710	66.8
720	66.8
731	66.7
741	66.7
752	66.6
763	66.5
774	66.4
785	66.4
797	66.4
808	66.3
820	66.2
832	66.2
844	66.2
856	66.1
869	66.1
882	66
894	66
907	66
921	66
934	66
948	66
961	66
975	66.1
990	66.2
1004	66.2
1019	66.2
1033	66.3
1048	66.4
1064	66.4
1079	66.6
1095	66.7
1111	66.9
1127	67
1143	67
1160	67.2
1177	67.3
1194	67.5
1211	67.6
1229	67.8
1247	67.8
1265	67.9
1283	68.1
1302	68.1
1321	68.3
1340	68.3
1360	68.5
1379	68.5
1399	68.6
1420	68.6
1440	68.6
1461	68.7
1483	68.8
1504	68.8
1526	68.9
1548	68.9
1571	68.9
1594	68.9
1617	68.9
1640	69
1664	69
1688	69
1713	69.1
1738	69.1
1763	69.1
1789	69.1
1815	69.1
1841	69.2
1868	69.2
1895	69.3
1923	69.3
1951	69.3
1979	69.3
2008	69.4
2037	69.4
2067	69.4
2097	69.4
2127	69.4
2158	69.3
2190	69.3
2221	69.2
2254	69.2
2287	69.2
2320	69
2354	69
2388	68.9
2423	68.8
2458	68.8
2494	68.7
2530	68.6
2567	68.6
2604	68.5
2642	68.4
2680	68.4
2719	68.1
2759	68
2799	67.8
2840	67.6
2881	67.5
2923	67.2
2965	67
3008	66.7
3052	66.6
3097	66.3
3142	66.1
3187	65.9
3234	65.7
3281	65.6
3328	65.3
3377	65.3
3426	65.1
3476	65
3526	64.8
3578	64.8
3630	64.8
3682	64.9
3736	64.9
3790	65.2
3846	65.3
3901	65.9
3958	66.3
4016	66.7
4074	67.2
4133	67.4
4194	68.1
4255	68.3
4316	68.8
4379	69.1
4443	69.4
4508	69.7
4573	69.9
4640	70
4707	70.1
4776	70.4
4845	70.5
4916	70.7
4987	70.8
5060	70.9
5133	71
5208	71
5284	71.1
5360	71.1
5438	71.3
5518	71.4
5598	71.5
5679	71.7
5762	71.9
5846	72.1
5931	72.2
6017	72.5
6104	72.7
6193	72.8
6283	72.9
6375	73
6467	72.9
6561	72.9
6657	72.8
6754	72.8
6852	72.8
6952	72.9
7053	73
7155	73.2
7259	73
7365	72.7
7472	73.2
7581	74.2
7691	74.8
7803	74.8
7916	74.2
8032	73.3
8148	72.2
8267	71.7
8387	70.2
8509	69.4
8633	68.8
8758	68.4
8886	67.9
9015	67.3
9146	66.7
9279	65.9
9414	65.2
9551	64.6
9690	64.2
9831	64
9974	63.9
10119	63.7
10266	63
10416	61.6
10567	61.2
10721	60.5
10877	59.9
11035	59.3
11196	59
11358	58.9
11524	59
11691	59.3
11861	59.6
12034	59.9
12209	60.2
12386	60.4
12567	60.5
12749	60.8
12935	61.2
13123	61.9
13314	62.2
13507	62.7
13704	63.2
13903	63.2
14105	62
14311	59.7
14519	56.1
14730	55.2
14944	53.7
15162	52.7
15382	51.9
15606	51.3
15833	51
16063	50.9
16297	51.1
16534	51.8
16774	52.2
17018	53
17266	54
17517	54.9
17772	55.6
18030	56
18293	54.9
18559	53.4
18829	54.1
19102	56.8
19380	55.1
20000	50.1
overall dB	94.4 dB
decay	Average
averaging	No Smoothing
source	Headset Mic 1 Low Range


saved	30/11/19, 7:28 PM
peak	27.8Hz
