












Frequency	dB	Unweighted
19.5	73.3
19.8	73.3
20.1	73.4
20.3	73.5
20.6	73.5
20.9	73.6
21.2	73.6
21.6	73.7
21.9	73.7
22.2	73.8
22.5	73.8
22.8	73.7
23.2	73.7
23.5	73.7
23.8	73.7
24.2	73.7
24.5	73.8
24.9	73.8
25.3	73.8
25.6	73.8
26	73.9
26.4	73.9
26.8	73.9
27.2	73.9
27.5	73.9
28	73.9
28.4	73.9
28.8	73.9
29.2	73.9
29.6	73.9
30	74
30.5	74
30.9	74
31.4	73.9
31.8	73.9
32.3	73.9
32.8	73.9
33.2	74
33.7	74
34.2	74
34.7	74
35.2	74
35.7	74
36.2	73.9
36.8	74
37.3	74
37.9	74
38.4	74
39	73.9
39.5	73.9
40.1	73.8
40.7	73.8
41.3	73.7
41.9	73.7
42.5	73.7
43.1	73.7
43.7	73.6
44.4	73.6
45	73.6
45.7	73.6
46.3	73.6
47	73.6
47.7	73.6
48.4	73.6
49.1	73.5
49.8	73.5
50.5	73.5
51.3	73.5
52	73.5
52.8	73.5
53.5	73.5
54.3	73.4
55.1	73.4
55.9	73.4
56.7	73.3
57.5	73.3
58.4	73.3
59.2	73.2
60.1	73.2
61	73.2
61.8	73.2
62.7	73.1
63.7	73.1
64.6	73
65.5	73
66.5	72.9
67.4	72.9
68.4	72.8
69.4	72.8
70.4	72.8
71.5	72.8
72.5	72.7
73.5	72.7
74.6	72.6
75.7	72.6
76.8	72.5
77.9	72.5
79.1	72.5
80.2	72.4
81.4	72.4
82.6	72.4
83.8	72.4
85	72.3
86.2	72.2
87.5	72.2
88.7	72.1
90	72
91.3	72
92.7	72
94	71.9
95.4	71.8
96.8	71.8
98.2	71.8
99.6	71.7
101	71.6
103	71.6
104	71.5
106	71.5
107	71.5
109	71.4
110	71.3
112	71.2
113	71.2
115	71.1
117	71
118	71
120	70.9
122	70.9
124	70.8
125	70.7
127	70.7
129	70.6
131	70.6
133	70.5
135	70.5
137	70.4
139	70.3
141	70.3
143	70.2
145	70.1
147	70
149	70
151	69.9
154	69.8
156	69.7
158	69.7
160	69.6
163	69.5
165	69.4
168	69.3
170	69.2
172	69.2
175	69.1
177	69
180	69
183	68.9
185	68.8
188	68.7
191	68.7
194	68.6
196	68.5
199	68.4
202	68.3
205	68.2
208	68.1
211	68.1
214	68
217	67.9
220	67.8
224	67.7
227	67.7
230	67.6
234	67.5
237	67.4
240	67.3
244	67.2
247	67.1
251	67.1
255	67
258	66.9
262	66.8
266	66.7
270	66.5
274	66.5
278	66.4
282	66.3
286	66.2
290	66.2
294	66.1
298	66
303	65.9
307	65.8
312	65.7
316	65.6
321	65.6
325	65.5
330	65.3
335	65.3
340	65.2
345	65.1
350	65
355	64.9
360	64.8
365	64.7
371	64.7
376	64.5
382	64.5
387	64.3
393	64.3
398	64.2
404	64.1
410	64
416	63.9
422	63.9
428	63.7
434	63.7
441	63.6
447	63.6
454	63.5
460	63.3
467	63.3
474	63.2
481	63.1
488	63
495	62.9
502	62.9
509	62.7
517	62.7
524	62.5
532	62.5
540	62.4
547	62.4
555	62.3
563	62.2
572	62.1
580	62
588	62
597	61.8
606	61.8
614	61.7
623	61.6
632	61.6
642	61.5
651	61.5
660	61.4
670	61.3
680	61.2
690	61.2
700	61
710	61
720	61
731	60.9
741	60.9
752	60.8
763	60.8
774	60.7
785	60.7
797	60.6
808	60.6
820	60.5
832	60.5
844	60.5
856	60.4
869	60.5
882	60.4
894	60.4
907	60.4
921	60.4
934	60.4
948	60.5
961	60.5
975	60.6
990	60.6
1004	60.6
1019	60.8
1033	60.9
1048	61
1064	61
1079	61.2
1095	61.3
1111	61.3
1127	61.3
1143	61.4
1160	61.5
1177	61.5
1194	61.7
1211	61.7
1229	62
1247	62.1
1265	62.2
1283	62.5
1302	62.6
1321	63.1
1340	63.3
1360	63.6
1379	63.8
1399	64.1
1420	64.2
1440	64.3
1461	64.8
1483	64.9
1504	65.1
1526	65.2
1548	65.5
1571	65.5
1594	65.6
1617	65.8
1640	65.9
1664	66.2
1688	66.2
1713	66.5
1738	66.5
1763	66.8
1789	66.8
1815	66.9
1841	67.2
1868	67.3
1895	67.6
1923	67.6
1951	67.9
1979	68.1
2008	68.3
2037	68.5
2067	68.6
2097	68.9
2127	69
2158	69.3
2190	69.4
2221	69.7
2254	69.8
2287	69.9
2320	70.3
2354	70.4
2388	70.6
2423	70.7
2458	70.9
2494	71
2530	71.2
2567	71.2
2604	71.3
2642	71.3
2680	71.3
2719	71.4
2759	71.4
2799	71.3
2840	71.3
2881	71.3
2923	71.2
2965	71.1
3008	71
3052	71
3097	70.8
3142	70.8
3187	70.7
3234	70.6
3281	70.6
3328	70.5
3377	70.5
3426	70.4
3476	70.4
3526	70.4
3578	70.4
3630	70.5
3682	70.5
3736	70.6
3790	70.7
3846	70.8
3901	71
3958	71.1
4016	71.3
4074	71.5
4133	71.6
4194	71.8
4255	71.9
4316	72.2
4379	72.2
4443	72.2
4508	72.1
4573	71.9
4640	71.6
4707	71.4
4776	70.7
4845	70.1
4916	69.5
4987	68.8
5060	68.1
5133	67.4
5208	67.1
5284	66
5360	65.7
5438	64.8
5518	64.2
5598	63.7
5679	63.2
5762	62.7
5846	62.3
5931	62.1
6017	61.5
6104	61.2
6193	61
6283	60.7
6375	60.6
6467	60.4
6561	60.4
6657	60.3
6754	60.3
6852	60.4
6952	60.5
7053	60.8
7155	61.1
7259	61.5
7365	62.1
7472	62.8
7581	63.7
7691	64.8
7803	66
7916	67.1
8032	67.6
8148	67.3
8267	66.8
8387	64.1
8509	62.2
8633	60.4
8758	58.8
8886	57.3
9015	56.1
9146	54.9
9279	53.8
9414	52.9
9551	52
9690	51.2
9831	50.5
9974	49.8
10119	49.3
10266	48.9
10416	48.4
10567	48.3
10721	48.2
10877	48.1
11035	48.1
11196	48.3
11358	48.5
11524	49
11691	49.6
11861	50.4
12034	51.3
12209	52.2
12386	52.8
12567	53.1
12749	53.1
12935	53
13123	52.8
13314	52.8
13507	52.8
13704	52.7
13903	52.6
14105	52.3
14311	51.8
14519	50.9
14730	50.5
14944	49.7
15162	48.9
15382	48.2
15606	47.6
15833	47.1
16063	46.7
16297	46.6
16534	46.6
16774	46.7
17018	46.8
17266	47.1
17517	47.6
17772	48.2
18030	48.4
18293	47.3
18559	46.1
18829	43.4
19102	40.2
19380	36.5
20000	32.1
overall dB	93.9 dB
decay	Average
averaging	No Smoothing
source	Headset Mic 1 Low Range


saved	1/8/21, 9:03 PM
peak	18.9Hz
