












Frequency	dB	Unweighted
19.5	74.2
19.8	74.3
20.1	74.4
20.3	74.4
20.6	74.4
20.9	74.5
21.2	74.5
21.6	74.5
21.9	74.5
22.2	74.6
22.5	74.6
22.8	74.6
23.2	74.6
23.5	74.6
23.8	74.6
24.2	74.6
24.5	74.6
24.9	74.6
25.3	74.6
25.6	74.5
26	74.5
26.4	74.5
26.8	74.5
27.2	74.5
27.5	74.5
28	74.4
28.4	74.4
28.8	74.4
29.2	74.4
29.6	74.5
30	74.5
30.5	74.5
30.9	74.5
31.4	74.5
31.8	74.5
32.3	74.5
32.8	74.5
33.2	74.5
33.7	74.5
34.2	74.5
34.7	74.5
35.2	74.5
35.7	74.5
36.2	74.5
36.8	74.5
37.3	74.5
37.9	74.5
38.4	74.4
39	74.4
39.5	74.4
40.1	74.4
40.7	74.4
41.3	74.3
41.9	74.3
42.5	74.3
43.1	74.3
43.7	74.3
44.4	74.2
45	74.2
45.7	74.2
46.3	74.2
47	74.1
47.7	74.1
48.4	74
49.1	74
49.8	74.1
50.5	74.1
51.3	74.1
52	74
52.8	74
53.5	74
54.3	73.9
55.1	73.9
55.9	73.8
56.7	73.8
57.5	73.8
58.4	73.7
59.2	73.7
60.1	73.6
61	73.6
61.8	73.6
62.7	73.6
63.7	73.6
64.6	73.5
65.5	73.4
66.5	73.4
67.4	73.4
68.4	73.4
69.4	73.4
70.4	73.3
71.5	73.2
72.5	73.2
73.5	73.1
74.6	73.1
75.7	73
76.8	73
77.9	72.9
79.1	72.9
80.2	72.8
81.4	72.8
82.6	72.8
83.8	72.8
85	72.8
86.2	72.6
87.5	72.5
88.7	72.4
90	72.3
91.3	72.3
92.7	72.3
94	72.2
95.4	72.2
96.8	72.2
98.2	72.1
99.6	72
101	71.9
103	71.9
104	71.8
106	71.8
107	71.8
109	71.7
110	71.6
112	71.5
113	71.5
115	71.4
117	71.3
118	71.3
120	71.2
122	71.2
124	71.1
125	71
127	70.9
129	70.9
131	70.9
133	70.8
135	70.7
137	70.6
139	70.5
141	70.5
143	70.4
145	70.3
147	70.2
149	70.2
151	70.1
154	70
156	69.9
158	69.9
160	69.8
163	69.7
165	69.6
168	69.5
170	69.4
172	69.3
175	69.3
177	69.2
180	69
183	69
185	68.9
188	68.8
191	68.8
194	68.7
196	68.5
199	68.5
202	68.4
205	68.3
208	68.2
211	68.2
214	68
217	67.9
220	67.8
224	67.7
227	67.7
230	67.6
234	67.6
237	67.4
240	67.3
244	67.2
247	67.1
251	67
255	66.9
258	66.8
262	66.7
266	66.7
270	66.5
274	66.4
278	66.3
282	66.2
286	66.1
290	66
294	65.9
298	65.8
303	65.7
307	65.6
312	65.6
316	65.5
321	65.3
325	65.2
330	65.1
335	65.1
340	65
345	65
350	64.8
355	64.8
360	64.7
365	64.5
371	64.5
376	64.3
382	64.3
387	64.1
393	64
398	64
404	63.8
410	63.7
416	63.6
422	63.5
428	63.4
434	63.3
441	63.2
447	63.1
454	63
460	62.8
467	62.8
474	62.7
481	62.6
488	62.5
495	62.4
502	62.3
509	62.1
517	62.1
524	61.9
532	61.9
540	61.8
547	61.7
555	61.6
563	61.5
572	61.4
580	61.2
588	61.2
597	61
606	61
614	60.8
623	60.8
632	60.7
642	60.6
651	60.5
660	60.4
670	60.3
680	60.2
690	60.1
700	60
710	59.9
720	59.9
731	59.7
741	59.7
752	59.6
763	59.5
774	59.3
785	59.3
797	59.2
808	59.1
820	59
832	58.9
844	58.9
856	58.7
869	58.7
882	58.6
894	58.6
907	58.6
921	58.7
934	58.8
948	59
961	59
975	58.9
990	58.9
1004	58.9
1019	58.9
1033	58.9
1048	58.9
1064	59
1079	59.1
1095	59.2
1111	59.3
1127	59.4
1143	59.5
1160	59.6
1177	59.6
1194	59.8
1211	59.9
1229	60
1247	60.1
1265	60.1
1283	60.2
1302	60.3
1321	60.4
1340	60.4
1360	60.5
1379	60.5
1399	60.6
1420	60.6
1440	60.7
1461	60.8
1483	60.8
1504	60.9
1526	60.9
1548	61
1571	61
1594	61.1
1617	61.2
1640	61.2
1664	61.4
1688	61.4
1713	61.6
1738	61.6
1763	61.8
1789	61.8
1815	61.9
1841	62.1
1868	62.2
1895	62.4
1923	62.5
1951	62.7
1979	62.8
2008	63
2037	63.2
2067	63.3
2097	63.6
2127	63.7
2158	64
2190	64.1
2221	64.4
2254	64.5
2287	64.6
2320	65.1
2354	65.2
2388	65.6
2423	65.7
2458	66.1
2494	66.3
2530	66.7
2567	67
2604	67.2
2642	67.7
2680	67.8
2719	68.3
2759	68.5
2799	68.9
2840	69.1
2881	69.3
2923	69.5
2965	69.6
3008	69.7
3052	69.8
3097	69.7
3142	69.6
3187	69.5
3234	69.3
3281	69.2
3328	68.8
3377	68.7
3426	68.2
3476	68.1
3526	67.7
3578	67.4
3630	67.3
3682	66.9
3736	66.8
3790	66.5
3846	66.4
3901	66.2
3958	66.1
4016	66
4074	65.8
4133	65.8
4194	65.6
4255	65.5
4316	65.1
4379	65.1
4443	65.3
4508	65.5
4573	65.7
4640	65.9
4707	66
4776	66.3
4845	66.6
4916	66.9
4987	67.2
5060	67.6
5133	68
5208	68.2
5284	68.8
5360	69
5438	69.6
5518	69.9
5598	70.2
5679	70.4
5762	70.4
5846	70.3
5931	70.2
6017	69.6
6104	69.2
6193	68.8
6283	68.4
6375	68.1
6467	67.8
6561	67.6
6657	67.4
6754	67.3
6852	67.3
6952	67.4
7053	67.6
7155	67.9
7259	68.4
7365	69
7472	69.7
7581	70.6
7691	71.6
7803	72.5
7916	72.9
8032	73
8148	72.5
8267	72.1
8387	68.8
8509	66.7
8633	64.9
8758	63.3
8886	62
9015	60.8
9146	59.8
9279	58.9
9414	58.1
9551	57.5
9690	56.9
9831	56.4
9974	56.1
10119	55.8
10266	55.6
10416	55.6
10567	55.7
10721	56
10877	56.5
11035	57.1
11196	57.9
11358	58.9
11524	60.1
11691	61.5
11861	62.8
12034	63.7
12209	64
12386	63.8
12567	63.1
12749	62.3
12935	61.5
13123	60.3
13314	59.9
13507	59.2
13704	58.5
13903	57.8
14105	57.4
14311	57.1
14519	57
14730	57
14944	57
15162	57.1
15382	57.3
15606	57.8
15833	58.8
16063	61.9
16297	62.7
16534	64.1
16774	63.9
17018	63.2
17266	62
17517	60.9
17772	60.2
18030	59.9
18293	60.1
18559	60
18829	58.8
19102	55.5
19380	50.5
20000	44
overall dB	94.1 dB
decay	Average
averaging	No Smoothing
source	Headset Mic 1 Low Range


saved	19/10/19, 2:53 AM
peak	19.1Hz
