












Frequency	dB	Unweighted
19.5	73.7
19.8	73.7
20.1	73.8
20.3	73.8
20.6	73.9
20.9	73.9
21.2	73.9
21.6	74
21.9	74
22.2	74.1
22.5	74.1
22.8	74.1
23.2	74.1
23.5	74.1
23.8	74.1
24.2	74.1
24.5	74.2
24.9	74.2
25.3	74.2
25.6	74.2
26	74.2
26.4	74.2
26.8	74.2
27.2	74.2
27.5	74.2
28	74.2
28.4	74.2
28.8	74.2
29.2	74.2
29.6	74.2
30	74.2
30.5	74.2
30.9	74.2
31.4	74.3
31.8	74.3
32.3	74.3
32.8	74.3
33.2	74.3
33.7	74.3
34.2	74.3
34.7	74.3
35.2	74.3
35.7	74.3
36.2	74.3
36.8	74.3
37.3	74.3
37.9	74.3
38.4	74.3
39	74.3
39.5	74.3
40.1	74.2
40.7	74.2
41.3	74.2
41.9	74.2
42.5	74.2
43.1	74.2
43.7	74.1
44.4	74.1
45	74.1
45.7	74.2
46.3	74.2
47	74.2
47.7	74.1
48.4	74
49.1	74
49.8	74
50.5	74
51.3	74
52	74
52.8	73.9
53.5	73.9
54.3	73.9
55.1	73.9
55.9	73.9
56.7	73.9
57.5	73.8
58.4	73.8
59.2	73.8
60.1	73.7
61	73.7
61.8	73.7
62.7	73.7
63.7	73.7
64.6	73.7
65.5	73.7
66.5	73.6
67.4	73.6
68.4	73.5
69.4	73.5
70.4	73.4
71.5	73.4
72.5	73.4
73.5	73.4
74.6	73.3
75.7	73.3
76.8	73.3
77.9	73.2
79.1	73.2
80.2	73.1
81.4	73.1
82.6	73.1
83.8	73.1
85	73.1
86.2	73
87.5	72.9
88.7	72.8
90	72.8
91.3	72.8
92.7	72.7
94	72.7
95.4	72.7
96.8	72.7
98.2	72.6
99.6	72.5
101	72.5
103	72.4
104	72.4
106	72.3
107	72.4
109	72.3
110	72.2
112	72.2
113	72.1
115	72.1
117	71.9
118	71.9
120	71.9
122	71.8
124	71.8
125	71.7
127	71.7
129	71.6
131	71.6
133	71.6
135	71.5
137	71.4
139	71.4
141	71.3
143	71.2
145	71.1
147	71.1
149	71
151	71
154	70.9
156	70.8
158	70.8
160	70.7
163	70.6
165	70.5
168	70.4
170	70.3
172	70.3
175	70.2
177	70.2
180	70.1
183	70
185	70
188	69.8
191	69.8
194	69.7
196	69.6
199	69.5
202	69.4
205	69.3
208	69.3
211	69.2
214	69.1
217	69
220	68.9
224	68.8
227	68.8
230	68.8
234	68.7
237	68.5
240	68.5
244	68.5
247	68.3
251	68.2
255	68.2
258	68.1
262	68
266	68
270	67.8
274	67.8
278	67.7
282	67.6
286	67.6
290	67.5
294	67.4
298	67.3
303	67.2
307	67.1
312	67
316	66.9
321	66.8
325	66.7
330	66.5
335	66.5
340	66.4
345	66.3
350	66.2
355	66.1
360	66
365	65.9
371	65.8
376	65.7
382	65.6
387	65.5
393	65.4
398	65.4
404	65.2
410	65.1
416	65
422	64.9
428	64.8
434	64.7
441	64.6
447	64.6
454	64.5
460	64.3
467	64.2
474	64.1
481	64.1
488	63.9
495	63.9
502	63.8
509	63.6
517	63.6
524	63.4
532	63.4
540	63.2
547	63.2
555	63.1
563	63
572	62.9
580	62.7
588	62.7
597	62.5
606	62.5
614	62.3
623	62.3
632	62.2
642	62.1
651	62
660	61.9
670	61.8
680	61.7
690	61.6
700	61.5
710	61.4
720	61.4
731	61.3
741	61.2
752	61.1
763	61
774	60.8
785	60.8
797	60.7
808	60.6
820	60.6
832	60.5
844	60.4
856	60.3
869	60.2
882	60.1
894	60.1
907	60
921	60
934	60
948	60.1
961	60.2
975	60.3
990	60.3
1004	60.3
1019	60.3
1033	60.3
1048	60.3
1064	60.4
1079	60.5
1095	60.6
1111	60.7
1127	60.8
1143	60.8
1160	61
1177	61.1
1194	61.3
1211	61.3
1229	61.5
1247	61.5
1265	61.6
1283	61.7
1302	61.8
1321	61.9
1340	61.9
1360	62
1379	62.1
1399	62.1
1420	62.2
1440	62.2
1461	62.3
1483	62.3
1504	62.4
1526	62.5
1548	62.5
1571	62.6
1594	62.6
1617	62.7
1640	62.8
1664	62.9
1688	62.9
1713	63.1
1738	63.1
1763	63.3
1789	63.3
1815	63.4
1841	63.6
1868	63.7
1895	63.9
1923	63.9
1951	64.1
1979	64.2
2008	64.4
2037	64.6
2067	64.6
2097	64.9
2127	65
2158	65.2
2190	65.3
2221	65.5
2254	65.6
2287	65.7
2320	66.1
2354	66.2
2388	66.5
2423	66.5
2458	66.9
2494	67
2530	67.3
2567	67.5
2604	67.6
2642	68
2680	68.1
2719	68.3
2759	68.4
2799	68.6
2840	68.7
2881	68.8
2923	68.9
2965	68.9
3008	68.8
3052	68.8
3097	68.7
3142	68.6
3187	68.4
3234	68.3
3281	68.2
3328	67.9
3377	67.8
3426	67.5
3476	67.4
3526	67.1
3578	66.9
3630	66.8
3682	66.5
3736	66.4
3790	66.2
3846	66.1
3901	65.9
3958	65.8
4016	65.7
4074	65.6
4133	65.6
4194	65.5
4255	65.5
4316	65.2
4379	65.1
4443	65.1
4508	65.3
4573	65.5
4640	65.7
4707	65.9
4776	66.2
4845	66.4
4916	66.7
4987	67
5060	67.4
5133	67.7
5208	67.9
5284	68.5
5360	68.7
5438	69.2
5518	69.6
5598	70
5679	70.2
5762	70.4
5846	70.5
5931	70.5
6017	70.3
6104	70
6193	69.7
6283	69.4
6375	69
6467	68.7
6561	68.5
6657	68.1
6754	68
6852	67.9
6952	67.9
7053	68
7155	68.1
7259	68.4
7365	68.8
7472	69.2
7581	69.8
7691	70.5
7803	71.1
7916	71.7
8032	72.1
8148	72.4
8267	72.5
8387	70.4
8509	68.6
8633	66.9
8758	65.3
8886	64
9015	62.8
9146	61.8
9279	60.9
9414	60.1
9551	59.5
9690	58.9
9831	58.5
9974	58.1
10119	57.9
10266	57.8
10416	57.8
10567	57.9
10721	58.2
10877	58.8
11035	59.5
11196	60.2
11358	61.2
11524	62.3
11691	63.5
11861	64.6
12034	65.4
12209	65.6
12386	65.2
12567	64.5
12749	63.7
12935	62.8
13123	61.5
13314	61.1
13507	60.3
13704	59.6
13903	59
14105	58.5
14311	58.1
14519	58
14730	58
14944	58.1
15162	58.3
15382	58.6
15606	59.1
15833	59.9
16063	62.5
16297	63.2
16534	63.8
16774	63.3
17018	62.2
17266	60.9
17517	59.8
17772	59.1
18030	58.8
18293	58.8
18559	58.9
18829	58.4
19102	56.3
19380	52.3
20000	46.4
overall dB	94.1 dB
decay	Average
averaging	No Smoothing
source	Headset Mic 1 Low Range


saved	4/9/19, 4:57 PM
peak	19.0Hz
