












Frequency	dB	Unweighted
19.5	73.4
19.8	73.5
20.1	73.6
20.3	73.6
20.6	73.7
20.9	73.7
21.2	73.7
21.6	73.8
21.9	73.8
22.2	73.8
22.5	73.8
22.8	73.8
23.2	73.8
23.5	73.8
23.8	73.9
24.2	73.9
24.5	73.9
24.9	73.9
25.3	73.9
25.6	73.9
26	74
26.4	74
26.8	73.9
27.2	73.9
27.5	73.9
28	73.8
28.4	73.8
28.8	73.8
29.2	73.8
29.6	73.8
30	73.8
30.5	73.8
30.9	73.8
31.4	73.8
31.8	73.8
32.3	73.8
32.8	73.8
33.2	73.8
33.7	73.8
34.2	73.8
34.7	73.8
35.2	73.8
35.7	73.8
36.2	73.8
36.8	73.8
37.3	73.7
37.9	73.7
38.4	73.7
39	73.7
39.5	73.7
40.1	73.7
40.7	73.7
41.3	73.7
41.9	73.7
42.5	73.6
43.1	73.6
43.7	73.6
44.4	73.5
45	73.5
45.7	73.5
46.3	73.5
47	73.5
47.7	73.3
48.4	73.3
49.1	73.4
49.8	73.4
50.5	73.6
51.3	73.5
52	73.4
52.8	73.3
53.5	73.3
54.3	73.2
55.1	73.1
55.9	73
56.7	73
57.5	73
58.4	73.1
59.2	73
60.1	72.9
61	72.9
61.8	72.8
62.7	72.8
63.7	72.9
64.6	72.8
65.5	72.7
66.5	72.6
67.4	72.6
68.4	72.6
69.4	72.5
70.4	72.4
71.5	72.4
72.5	72.4
73.5	72.4
74.6	72.3
75.7	72.3
76.8	72.2
77.9	72.1
79.1	72
80.2	72
81.4	72
82.6	72
83.8	71.9
85	71.8
86.2	71.7
87.5	71.6
88.7	71.6
90	71.6
91.3	71.5
92.7	71.4
94	71.4
95.4	71.3
96.8	71.3
98.2	71.3
99.6	71.2
101	71.1
103	71.1
104	71.1
106	71.1
107	71
109	70.8
110	70.7
112	70.6
113	70.6
115	70.5
117	70.4
118	70.4
120	70.3
122	70.2
124	70.2
125	70.1
127	70.1
129	70
131	70
133	70
135	69.9
137	69.7
139	69.7
141	69.6
143	69.5
145	69.4
147	69.4
149	69.3
151	69.3
154	69.2
156	69
158	69
160	68.9
163	68.8
165	68.7
168	68.6
170	68.5
172	68.5
175	68.4
177	68.4
180	68.3
183	68.2
185	68.2
188	68
191	68
194	67.8
196	67.8
199	67.9
202	67.7
205	67.4
208	67.4
211	67.5
214	67.4
217	67.3
220	67.2
224	67.1
227	67
230	66.9
234	66.8
237	66.7
240	66.6
244	66.6
247	66.5
251	66.4
255	66.4
258	66.3
262	66.2
266	66.1
270	66
274	65.9
278	65.9
282	65.8
286	65.8
290	65.7
294	65.6
298	65.4
303	65.4
307	65.4
312	65.3
316	65.2
321	65.1
325	64.9
330	64.9
335	64.9
340	64.8
345	64.7
350	64.6
355	64.6
360	64.6
365	64.5
371	64.4
376	64.3
382	64.3
387	64.2
393	64.2
398	64.1
404	64
410	63.9
416	63.8
422	63.8
428	63.7
434	63.7
441	63.6
447	63.6
454	63.5
460	63.4
467	63.4
474	63.4
481	63.3
488	63.2
495	63.2
502	63.2
509	63.1
517	63.1
524	63.1
532	63
540	62.9
547	62.9
555	62.9
563	62.8
572	62.8
580	62.8
588	62.7
597	62.7
606	62.7
614	62.7
623	62.7
632	62.6
642	62.6
651	62.6
660	62.6
670	62.6
680	62.6
690	62.5
700	62.5
710	62.5
720	62.5
731	62.5
741	62.4
752	62.5
763	62.5
774	62.5
785	62.5
797	62.5
808	62.5
820	62.5
832	62.6
844	62.6
856	62.6
869	62.6
882	62.7
894	62.7
907	62.7
921	62.8
934	62.8
948	62.9
961	62.9
975	63
990	63.1
1004	63.1
1019	63.1
1033	63.2
1048	63.2
1064	63.3
1079	63.4
1095	63.5
1111	63.6
1127	63.6
1143	63.7
1160	63.8
1177	63.9
1194	64
1211	64.1
1229	64.2
1247	64.2
1265	64.2
1283	64.3
1302	64.3
1321	64.4
1340	64.4
1360	64.5
1379	64.5
1399	64.5
1420	64.5
1440	64.5
1461	64.5
1483	64.5
1504	64.5
1526	64.5
1548	64.4
1571	64.4
1594	64.4
1617	64.4
1640	64.4
1664	64.3
1688	64.3
1713	64.3
1738	64.3
1763	64.4
1789	64.4
1815	64.4
1841	64.5
1868	64.5
1895	64.6
1923	64.6
1951	64.8
1979	64.8
2008	65
2037	65.1
2067	65.2
2097	65.4
2127	65.5
2158	65.6
2190	65.7
2221	65.9
2254	66
2287	66.1
2320	66.3
2354	66.4
2388	66.4
2423	66.5
2458	66.5
2494	66.5
2530	66.5
2567	66.4
2604	66.4
2642	66.2
2680	66.2
2719	65.9
2759	65.9
2799	65.6
2840	65.4
2881	65.3
2923	65
2965	64.9
3008	64.6
3052	64.5
3097	64.3
3142	64.1
3187	63.9
3234	63.8
3281	63.7
3328	63.5
3377	63.4
3426	63.3
3476	63.2
3526	63.1
3578	63.1
3630	63
3682	63
3736	63
3790	63
3846	63
3901	63.1
3958	63.2
4016	63.2
4074	63.3
4133	63.3
4194	63.4
4255	63.5
4316	64.1
4379	64.6
4443	65
4508	65.4
4573	65.9
4640	66.4
4707	66.6
4776	67.3
4845	67.7
4916	68
4987	68.2
5060	68.2
5133	68.1
5208	67.9
5284	67.4
5360	67.1
5438	66.3
5518	65.7
5598	65.1
5679	64.6
5762	64.2
5846	63.7
5931	63.5
6017	63
6104	62.7
6193	62.5
6283	62.3
6375	62.2
6467	62.2
6561	62.2
6657	62.3
6754	62.6
6852	63.1
6952	63.8
7053	64.7
7155	65.5
7259	66.3
7365	67.3
7472	68.3
7581	69.4
7691	70.7
7803	71.9
7916	72.7
8032	72.9
8148	72.2
8267	71.7
8387	69.9
8509	68.8
8633	68
8758	67.3
8886	66.8
9015	66.4
9146	66
9279	65.4
9414	64.7
9551	63.8
9690	62.5
9831	60.3
9974	58.5
10119	57.7
10266	56.8
10416	54.9
10567	54.2
10721	52.7
10877	51.4
11035	50.4
11196	49.5
11358	49
11524	48.7
11691	48.5
11861	48.3
12034	48.4
12209	48.8
12386	49.5
12567	50.3
12749	51.2
12935	52.1
13123	53.3
13314	53.9
13507	55.5
13704	56.9
13903	57.5
14105	57.3
14311	56.5
14519	56.4
14730	56.6
14944	56.5
15162	56.5
15382	57.2
15606	58.2
15833	59.2
16063	60.2
16297	59.2
16534	56.9
16774	57.5
17018	58.5
17266	59.5
17517	60.5
17772	60.5
18030	59.7
18293	57.9
18559	57.8
18829	58.5
19102	59.7
19380	59
20000	54.7
overall dB	93.4 dB
decay	Average
averaging	No Smoothing
source	Headset Mic 1 Low Range


saved	4/5/20, 10:00 PM
peak	20.5Hz
