












Frequency	dB	Unweighted
19.5	66.5
19.8	66.6
20.1	66.8
20.3	66.8
20.6	67
20.9	67
21.2	67.1
21.6	67.3
21.9	67.3
22.2	67.4
22.5	67.4
22.8	67.5
23.2	67.5
23.5	67.5
23.8	67.7
24.2	67.7
24.5	67.8
24.9	67.9
25.3	68
25.6	68.1
26	68.2
26.4	68.2
26.8	68.3
27.2	68.4
27.5	68.4
28	68.5
28.4	68.5
28.8	68.6
29.2	68.6
29.6	68.6
30	68.6
30.5	68.6
30.9	68.6
31.4	68.6
31.8	68.7
32.3	68.7
32.8	68.8
33.2	68.9
33.7	68.9
34.2	68.9
34.7	68.9
35.2	69
35.7	69
36.2	69.1
36.8	69.2
37.3	69.3
37.9	69.3
38.4	69.3
39	69.3
39.5	69.2
40.1	69.2
40.7	69.2
41.3	69.3
41.9	69.3
42.5	69.3
43.1	69.3
43.7	69.3
44.4	69.4
45	69.4
45.7	69.5
46.3	69.5
47	69.5
47.7	69.5
48.4	69.5
49.1	69.5
49.8	69.5
50.5	69.5
51.3	69.5
52	69.5
52.8	69.5
53.5	69.5
54.3	69.6
55.1	69.6
55.9	69.7
56.7	69.7
57.5	69.7
58.4	69.7
59.2	69.6
60.1	69.7
61	69.7
61.8	69.7
62.7	69.8
63.7	69.7
64.6	69.7
65.5	69.7
66.5	69.7
67.4	69.7
68.4	69.7
69.4	69.7
70.4	69.7
71.5	69.7
72.5	69.7
73.5	69.7
74.6	69.7
75.7	69.7
76.8	69.7
77.9	69.7
79.1	69.7
80.2	69.7
81.4	69.7
82.6	69.7
83.8	69.7
85	69.7
86.2	69.7
87.5	69.7
88.7	69.7
90	69.6
91.3	69.6
92.7	69.6
94	69.6
95.4	69.7
96.8	69.7
98.2	69.7
99.6	69.7
101	69.7
103	69.7
104	69.6
106	69.6
107	69.6
109	69.7
110	69.7
112	69.6
113	69.6
115	69.6
117	69.6
118	69.5
120	69.5
122	69.5
124	69.5
125	69.5
127	69.4
129	69.4
131	69.4
133	69.4
135	69.4
137	69.4
139	69.4
141	69.4
143	69.4
145	69.4
147	69.4
149	69.3
151	69.3
154	69.3
156	69.3
158	69.2
160	69.2
163	69.2
165	69.2
168	69.1
170	69.1
172	69.1
175	69.1
177	69
180	69
183	69
185	69
188	68.9
191	68.9
194	68.9
196	68.8
199	68.8
202	68.8
205	68.8
208	68.7
211	68.7
214	68.6
217	68.6
220	68.6
224	68.5
227	68.5
230	68.4
234	68.4
237	68.3
240	68.3
244	68.3
247	68.2
251	68.2
255	68.2
258	68.1
262	68
266	67.9
270	67.9
274	67.8
278	67.8
282	67.7
286	67.7
290	67.7
294	67.6
298	67.5
303	67.4
307	67.4
312	67.4
316	67.3
321	67.3
325	67.2
330	67.1
335	67.1
340	67
345	67
350	66.9
355	66.8
360	66.8
365	66.7
371	66.6
376	66.6
382	66.5
387	66.4
393	66.4
398	66.3
404	66.2
410	66.2
416	66
422	66
428	65.9
434	65.9
441	65.8
447	65.7
454	65.6
460	65.5
467	65.5
474	65.4
481	65.3
488	65.3
495	65.2
502	65.1
509	65
517	65
524	64.9
532	64.8
540	64.7
547	64.7
555	64.6
563	64.5
572	64.4
580	64.4
588	64.3
597	64.2
606	64.2
614	64
623	64
632	63.9
642	63.8
651	63.7
660	63.7
670	63.6
680	63.5
690	63.5
700	63.4
710	63.3
720	63.3
731	63.2
741	63.2
752	63.1
763	63.1
774	62.9
785	62.9
797	62.8
808	62.8
820	62.8
832	62.7
844	62.7
856	62.7
869	62.7
882	62.7
894	62.7
907	62.7
921	62.7
934	62.7
948	62.8
961	62.8
975	62.9
990	63
1004	63
1019	63.1
1033	63.2
1048	63.3
1064	63.4
1079	63.7
1095	63.8
1111	64.1
1127	64.2
1143	64.3
1160	64.7
1177	64.8
1194	65.3
1211	65.5
1229	65.9
1247	66
1265	66.2
1283	66.7
1302	66.8
1321	67.5
1340	67.6
1360	68.1
1379	68.3
1399	68.8
1420	68.9
1440	69.1
1461	69.6
1483	69.8
1504	70
1526	70.1
1548	70.3
1571	70.4
1594	70.5
1617	70.5
1640	70.6
1664	70.6
1688	70.6
1713	70.7
1738	70.7
1763	70.7
1789	70.7
1815	70.7
1841	70.8
1868	70.8
1895	71
1923	71
1951	71.1
1979	71.1
2008	71.3
2037	71.4
2067	71.4
2097	71.6
2127	71.7
2158	71.8
2190	71.9
2221	72.1
2254	72.2
2287	72.3
2320	72.7
2354	72.8
2388	73.1
2423	73.2
2458	73.4
2494	73.5
2530	73.8
2567	74
2604	74.1
2642	74.4
2680	74.4
2719	74.7
2759	74.8
2799	75.1
2840	75.3
2881	75.4
2923	75.7
2965	75.8
3008	76
3052	76
3097	76.1
3142	76.1
3187	76
3234	76
3281	75.9
3328	75.8
3377	75.8
3426	75.7
3476	75.6
3526	75.5
3578	75.5
3630	75.5
3682	75.5
3736	75.5
3790	75.5
3846	75.6
3901	75.7
3958	75.8
4016	76
4074	76.2
4133	76.3
4194	76.7
4255	76.8
4316	77.2
4379	77.6
4443	77.9
4508	78.2
4573	78.4
4640	78.6
4707	78.7
4776	78.6
4845	78.4
4916	78
4987	77.6
5060	77
5133	76.4
5208	76.1
5284	75
5360	74.6
5438	73.3
5518	72.5
5598	71.6
5679	70.9
5762	70.2
5846	69.7
5931	69.5
6017	68.9
6104	68.6
6193	68.3
6283	68.1
6375	68
6467	67.8
6561	67.8
6657	67.8
6754	67.8
6852	67.9
6952	68.1
7053	68.4
7155	68.8
7259	69.3
7365	69.9
7472	70.6
7581	71.5
7691	72.6
7803	74
7916	75.3
8032	76.3
8148	76.6
8267	76.4
8387	74.3
8509	72.6
8633	70.9
8758	69.5
8886	68.2
9015	67.1
9146	66.2
9279	65.4
9414	64.7
9551	64.3
9690	63.9
9831	63.7
9974	63.7
10119	63.8
10266	64.1
10416	64.9
10567	65.3
10721	66.1
10877	67.1
11035	67.6
11196	67.2
11358	66.6
11524	66
11691	64.9
11861	63.4
12034	62.1
12209	61.1
12386	60.3
12567	59.9
12749	59.8
12935	59.9
13123	60.4
13314	60.6
13507	61
13704	61.4
13903	61.8
14105	62.1
14311	62.5
14519	63.2
14730	63.6
14944	64.4
15162	65.6
15382	67.1
15606	68.5
15833	69.1
16063	67.1
16297	65.9
16534	62.4
16774	61.5
17018	59.9
17266	58.6
17517	57.7
17772	57.2
18030	56.9
18293	57.1
18559	57.4
18829	58.1
19102	58.7
19380	58.7
20000	57.1
overall dB	94.3 dB
decay	Average
averaging	No Smoothing
source	Headset Mic 1 Low Range


saved	17/2/21, 6:12 PM
peak	27.8Hz
