












Frequency	dB	Unweighted
19.5	68.3
19.8	68.4
20.1	68.5
20.3	68.5
20.6	68.7
20.9	68.7
21.2	68.7
21.6	68.9
21.9	68.9
22.2	69
22.5	69
22.8	69.1
23.2	69.1
23.5	69.1
23.8	69.2
24.2	69.2
24.5	69.3
24.9	69.3
25.3	69.4
25.6	69.5
26	69.6
26.4	69.6
26.8	69.7
27.2	69.7
27.5	69.7
28	69.7
28.4	69.7
28.8	69.8
29.2	69.8
29.6	69.8
30	69.8
30.5	69.8
30.9	69.9
31.4	69.9
31.8	70
32.3	70
32.8	70.1
33.2	70.2
33.7	70.2
34.2	70.2
34.7	70.2
35.2	70.2
35.7	70.3
36.2	70.3
36.8	70.3
37.3	70.3
37.9	70.3
38.4	70.3
39	70.3
39.5	70.3
40.1	70.3
40.7	70.3
41.3	70.4
41.9	70.4
42.5	70.4
43.1	70.4
43.7	70.4
44.4	70.4
45	70.4
45.7	70.6
46.3	70.6
47	70.7
47.7	70.7
48.4	70.7
49.1	70.7
49.8	70.8
50.5	70.8
51.3	70.7
52	70.7
52.8	70.6
53.5	70.6
54.3	70.5
55.1	70.5
55.9	70.5
56.7	70.5
57.5	70.6
58.4	70.7
59.2	70.7
60.1	70.6
61	70.6
61.8	70.6
62.7	70.6
63.7	70.7
64.6	70.7
65.5	70.7
66.5	70.6
67.4	70.6
68.4	70.6
69.4	70.6
70.4	70.6
71.5	70.6
72.5	70.7
73.5	70.8
74.6	70.7
75.7	70.6
76.8	70.6
77.9	70.6
79.1	70.5
80.2	70.4
81.4	70.5
82.6	70.7
83.8	70.7
85	70.7
86.2	70.6
87.5	70.6
88.7	70.5
90	70.5
91.3	70.5
92.7	70.5
94	70.6
95.4	70.6
96.8	70.6
98.2	70.5
99.6	70.4
101	70.3
103	70.4
104	70.5
106	70.6
107	70.6
109	70.6
110	70.5
112	70.5
113	70.6
115	70.5
117	70.4
118	70.4
120	70.4
122	70.4
124	70.4
125	70.4
127	70.4
129	70.3
131	70.3
133	70.2
135	70.2
137	70.3
139	70.4
141	70.3
143	70.3
145	70.2
147	70.1
149	70.1
151	70.2
154	70.1
156	70.1
158	70.1
160	70.1
163	70.1
165	70
168	70
170	69.9
172	69.9
175	69.9
177	70
180	69.9
183	69.9
185	69.9
188	69.9
191	69.9
194	69.8
196	69.8
199	69.9
202	69.9
205	69.8
208	69.8
211	69.7
214	69.7
217	69.7
220	69.7
224	69.7
227	69.7
230	69.7
234	69.7
237	69.6
240	69.5
244	69.4
247	69.4
251	69.4
255	69.3
258	69.3
262	69.3
266	69.3
270	69.2
274	69.2
278	69.2
282	69.1
286	69.1
290	69.1
294	69
298	69
303	69
307	69
312	69
316	68.9
321	68.9
325	68.9
330	68.8
335	68.8
340	68.8
345	68.7
350	68.7
355	68.6
360	68.5
365	68.5
371	68.5
376	68.5
382	68.5
387	68.4
393	68.4
398	68.3
404	68.3
410	68.3
416	68.2
422	68.2
428	68.1
434	68.1
441	68.1
447	68.1
454	68
460	68
467	67.9
474	67.9
481	67.9
488	67.8
495	67.8
502	67.8
509	67.7
517	67.7
524	67.7
532	67.7
540	67.6
547	67.6
555	67.6
563	67.6
572	67.6
580	67.5
588	67.5
597	67.5
606	67.5
614	67.4
623	67.4
632	67.4
642	67.4
651	67.4
660	67.4
670	67.4
680	67.4
690	67.4
700	67.4
710	67.4
720	67.4
731	67.4
741	67.4
752	67.4
763	67.4
774	67.4
785	67.4
797	67.5
808	67.5
820	67.5
832	67.6
844	67.6
856	67.7
869	67.8
882	67.8
894	67.9
907	67.9
921	68
934	68.1
948	68.3
961	68.3
975	68.5
990	68.6
1004	68.7
1019	68.9
1033	69
1048	69.3
1064	69.3
1079	69.8
1095	69.9
1111	70.2
1127	70.4
1143	70.4
1160	70.8
1177	70.9
1194	71.3
1211	71.4
1229	71.8
1247	71.8
1265	72
1283	72.3
1302	72.3
1321	72.6
1340	72.7
1360	72.8
1379	72.9
1399	73
1420	73.1
1440	73.1
1461	73.1
1483	73.1
1504	73.1
1526	73.1
1548	73.1
1571	73.1
1594	73
1617	73
1640	73
1664	72.9
1688	72.9
1713	72.8
1738	72.8
1763	72.7
1789	72.7
1815	72.6
1841	72.5
1868	72.5
1895	72.4
1923	72.4
1951	72.4
1979	72.4
2008	72.4
2037	72.4
2067	72.4
2097	72.3
2127	72.4
2158	72.4
2190	72.4
2221	72.5
2254	72.5
2287	72.6
2320	72.7
2354	72.8
2388	72.9
2423	73
2458	73.2
2494	73.3
2530	73.5
2567	73.6
2604	73.7
2642	74
2680	74
2719	74.3
2759	74.3
2799	74.5
2840	74.6
2881	74.7
2923	74.8
2965	74.8
3008	74.9
3052	74.9
3097	74.9
3142	74.8
3187	74.7
3234	74.6
3281	74.5
3328	74.3
3377	74.2
3426	73.8
3476	73.7
3526	73.1
3578	72.5
3630	72.2
3682	71
3736	70.5
3790	69.5
3846	69.2
3901	68.8
3958	68.8
4016	68.9
4074	69.1
4133	69.2
4194	69.7
4255	69.9
4316	70.4
4379	70.7
4443	71.1
4508	71.5
4573	71.8
4640	72
4707	72.1
4776	71.9
4845	71.6
4916	71
4987	70.3
5060	69.5
5133	68.8
5208	68.4
5284	67.4
5360	67.2
5438	66.6
5518	66.3
5598	66.3
5679	66.5
5762	66.8
5846	67.3
5931	67.7
6017	68.7
6104	69.3
6193	69.5
6283	69.1
6375	68.4
6467	67.4
6561	67
6657	65.6
6754	65
6852	64.4
6952	64.1
7053	64
7155	64.1
7259	64.3
7365	64.8
7472	65.4
7581	66.1
7691	67
7803	67.9
7916	68.7
8032	69.2
8148	69.3
8267	69.1
8387	68.1
8509	67.2
8633	66.2
8758	65.2
8886	64.1
9015	63
9146	61.8
9279	60.7
9414	59.7
9551	58.8
9690	57.9
9831	56.8
9974	55.6
10119	54.2
10266	52.4
10416	49.9
10567	50.6
10721	52
10877	53.5
11035	54.7
11196	55.6
11358	56.4
11524	57.2
11691	57.9
11861	58.5
12034	59
12209	59.3
12386	59.7
12567	60
12749	60.4
12935	60.9
13123	61.4
13314	61.5
13507	61.7
13704	61.6
13903	61.2
14105	60.5
14311	59.4
14519	57.2
14730	56.3
14944	54.4
15162	52.6
15382	51
15606	50
15833	49.7
16063	50.5
16297	51.1
16534	53.2
16774	53.9
17018	55.6
17266	57.7
17517	59.8
17772	61.8
18030	63.9
18293	66.2
18559	66.5
18829	66.8
19102	66.2
19380	64.1
20000	60.8
overall dB	93.9 dB
decay	Average
averaging	No Smoothing
source	Headset Microphone 1 Low Range


saved	21/10/22, 3:16 PM
peak	22.0Hz
