












Frequency	dB	Unweighted
19.5	69.3
19.8	69.3
20.1	69.4
20.3	69.5
20.6	69.6
20.9	69.6
21.2	69.6
21.6	69.7
21.9	69.7
22.2	69.8
22.5	69.8
22.8	69.8
23.2	69.9
23.5	69.9
23.8	70
24.2	70
24.5	70
24.9	70.1
25.3	70.1
25.6	70.1
26	70.2
26.4	70.2
26.8	70.2
27.2	70.2
27.5	70.2
28	70.2
28.4	70.2
28.8	70.2
29.2	70.2
29.6	70.2
30	70.3
30.5	70.3
30.9	70.3
31.4	70.3
31.8	70.3
32.3	70.3
32.8	70.3
33.2	70.3
33.7	70.4
34.2	70.4
34.7	70.4
35.2	70.4
35.7	70.4
36.2	70.4
36.8	70.4
37.3	70.4
37.9	70.4
38.4	70.4
39	70.4
39.5	70.4
40.1	70.5
40.7	70.5
41.3	70.5
41.9	70.5
42.5	70.5
43.1	70.4
43.7	70.4
44.4	70.4
45	70.4
45.7	70.5
46.3	70.5
47	70.5
47.7	70.5
48.4	70.5
49.1	70.4
49.8	70.4
50.5	70.4
51.3	70.4
52	70.4
52.8	70.4
53.5	70.3
54.3	70.3
55.1	70.3
55.9	70.3
56.7	70.2
57.5	70.3
58.4	70.3
59.2	70.3
60.1	70.2
61	70.2
61.8	70.2
62.7	70.2
63.7	70.2
64.6	70.2
65.5	70.2
66.5	70.2
67.4	70.1
68.4	70.1
69.4	70.1
70.4	70.1
71.5	70.1
72.5	70.1
73.5	70.2
74.6	70.1
75.7	70.1
76.8	70.1
77.9	70
79.1	69.9
80.2	69.9
81.4	69.9
82.6	69.9
83.8	69.9
85	69.9
86.2	69.9
87.5	69.8
88.7	69.8
90	69.8
91.3	69.8
92.7	69.8
94	69.7
95.4	69.7
96.8	69.7
98.2	69.6
99.6	69.6
101	69.6
103	69.6
104	69.6
106	69.5
107	69.5
109	69.5
110	69.5
112	69.5
113	69.5
115	69.5
117	69.4
118	69.4
120	69.4
122	69.3
124	69.3
125	69.3
127	69.3
129	69.3
131	69.2
133	69.2
135	69.2
137	69.2
139	69.2
141	69.2
143	69.1
145	69.1
147	69
149	69
151	69
154	69
156	69
158	69
160	69
163	68.9
165	68.9
168	68.9
170	68.9
172	68.9
175	68.9
177	68.9
180	68.8
183	68.8
185	68.7
188	68.8
191	68.7
194	68.7
196	68.7
199	68.7
202	68.6
205	68.6
208	68.6
211	68.6
214	68.5
217	68.5
220	68.5
224	68.5
227	68.5
230	68.5
234	68.4
237	68.4
240	68.4
244	68.4
247	68.3
251	68.3
255	68.3
258	68.3
262	68.2
266	68.2
270	68.2
274	68.2
278	68.1
282	68.1
286	68.1
290	68
294	68
298	68
303	68
307	67.9
312	67.9
316	67.9
321	67.8
325	67.8
330	67.8
335	67.7
340	67.6
345	67.6
350	67.6
355	67.6
360	67.5
365	67.5
371	67.5
376	67.4
382	67.4
387	67.3
393	67.3
398	67.3
404	67.2
410	67.2
416	67.1
422	67.1
428	67
434	67
441	67
447	66.9
454	66.9
460	66.9
467	66.8
474	66.8
481	66.7
488	66.6
495	66.6
502	66.6
509	66.5
517	66.5
524	66.5
532	66.5
540	66.4
547	66.4
555	66.3
563	66.3
572	66.2
580	66.2
588	66.1
597	66.1
606	66.1
614	66
623	66
632	65.9
642	65.9
651	65.9
660	65.9
670	65.8
680	65.8
690	65.8
700	65.7
710	65.7
720	65.7
731	65.7
741	65.6
752	65.6
763	65.6
774	65.6
785	65.6
797	65.6
808	65.5
820	65.5
832	65.6
844	65.5
856	65.6
869	65.6
882	65.6
894	65.6
907	65.6
921	65.7
934	65.7
948	65.9
961	65.9
975	66.1
990	66.1
1004	66.2
1019	66.3
1033	66.4
1048	66.6
1064	66.7
1079	67
1095	67.1
1111	67.3
1127	67.5
1143	67.6
1160	67.9
1177	68
1194	68.4
1211	68.5
1229	68.8
1247	68.9
1265	69
1283	69.3
1302	69.4
1321	69.8
1340	69.9
1360	70.2
1379	70.3
1399	70.6
1420	70.6
1440	70.7
1461	71.1
1483	71.1
1504	71.4
1526	71.5
1548	71.7
1571	71.7
1594	71.8
1617	72
1640	72.1
1664	72.3
1688	72.4
1713	72.5
1738	72.6
1763	72.6
1789	72.7
1815	72.7
1841	72.7
1868	72.7
1895	72.7
1923	72.7
1951	72.6
1979	72.6
2008	72.5
2037	72.5
2067	72.5
2097	72.5
2127	72.5
2158	72.5
2190	72.5
2221	72.6
2254	72.6
2287	72.6
2320	72.6
2354	72.6
2388	72.5
2423	72.5
2458	72.3
2494	72.3
2530	72
2567	71.8
2604	71.7
2642	71.4
2680	71.3
2719	71
2759	70.9
2799	70.7
2840	70.5
2881	70.4
2923	70.2
2965	70.2
3008	70
3052	69.9
3097	69.7
3142	69.7
3187	69.6
3234	69.6
3281	69.5
3328	69.6
3377	69.6
3426	69.6
3476	69.7
3526	69.7
3578	69.8
3630	69.8
3682	69.9
3736	69.9
3790	69.9
3846	69.8
3901	69.7
3958	69.5
4016	69.4
4074	69.2
4133	69.1
4194	69.1
4255	69.2
4316	69.5
4379	69.7
4443	69.9
4508	70
4573	70.1
4640	70.3
4707	70.4
4776	70.7
4845	71
4916	71.3
4987	71.6
5060	72
5133	72.3
5208	72.5
5284	73
5360	73.2
5438	73.6
5518	73.8
5598	73.9
5679	74
5762	74.1
5846	74.2
5931	74.2
6017	74.3
6104	74.4
6193	74.6
6283	74.9
6375	75.2
6467	75.4
6561	75.5
6657	75
6754	74.1
6852	73.3
6952	73
7053	73.2
7155	73.8
7259	74.7
7365	75.7
7472	76.7
7581	77.4
7691	77.5
7803	76.9
7916	75.6
8032	74
8148	72.3
8267	71.5
8387	69.1
8509	67.7
8633	66.3
8758	65
8886	63.9
9015	62.8
9146	61.8
9279	61
9414	60.4
9551	59.4
9690	58.1
9831	57.1
9974	56.4
10119	55.8
10266	55.3
10416	54.6
10567	54.4
10721	54
10877	53.8
11035	53.6
11196	53.6
11358	53.6
11524	53.8
11691	54.1
11861	54.6
12034	55.3
12209	56.2
12386	57.1
12567	58
12749	59
12935	60.1
13123	61.9
13314	62.6
13507	64
13704	65.7
13903	67.7
14105	69.8
14311	71.7
14519	72.7
14730	72.1
14944	70.9
15162	69.6
15382	68.4
15606	67.2
15833	66.3
16063	64.6
16297	63.6
16534	60.2
16774	58.7
17018	55.6
17266	51.9
17517	48.4
17772	45.5
18030	43.6
18293	41.6
18559	40.6
18829	38
19102	34.4
19380	31.7
20000	29.1
overall dB	93.8 dB
decay	Average
averaging	No Smoothing
source	Headset Mic 1 Low Range


saved	17/1/19, 5:33 PM
peak	20.5Hz
