












Frequency	dB	Unweighted
19.5	72.2
19.8	72.3
20.1	72.4
20.3	72.4
20.6	72.5
20.9	72.5
21.2	72.5
21.6	72.6
21.9	72.6
22.2	72.7
22.5	72.7
22.8	72.8
23.2	72.8
23.5	72.8
23.8	72.9
24.2	72.9
24.5	72.9
24.9	72.8
25.3	72.8
25.6	72.8
26	72.8
26.4	72.8
26.8	72.8
27.2	72.8
27.5	72.9
28	72.9
28.4	72.9
28.8	72.9
29.2	72.9
29.6	73
30	73
30.5	73
30.9	73
31.4	73
31.8	73
32.3	72.9
32.8	73
33.2	73
33.7	73
34.2	73
34.7	73
35.2	73
35.7	73
36.2	73
36.8	73
37.3	73
37.9	73.1
38.4	73.1
39	73.1
39.5	73.1
40.1	73.1
40.7	73.1
41.3	73.1
41.9	73.1
42.5	73.1
43.1	73.1
43.7	73.1
44.4	73.1
45	73
45.7	73
46.3	73
47	73
47.7	73
48.4	73
49.1	72.9
49.8	72.9
50.5	73
51.3	73
52	73
52.8	73
53.5	73
54.3	72.9
55.1	72.9
55.9	72.9
56.7	72.9
57.5	72.8
58.4	72.7
59.2	72.7
60.1	72.7
61	72.6
61.8	72.6
62.7	72.6
63.7	72.6
64.6	72.6
65.5	72.6
66.5	72.6
67.4	72.6
68.4	72.5
69.4	72.5
70.4	72.4
71.5	72.4
72.5	72.5
73.5	72.5
74.6	72.4
75.7	72.4
76.8	72.3
77.9	72.2
79.1	72.2
80.2	72.2
81.4	72.1
82.6	72
83.8	72
85	72
86.2	72
87.5	72
88.7	71.9
90	71.8
91.3	71.7
92.7	71.7
94	71.6
95.4	71.6
96.8	71.6
98.2	71.6
99.6	71.5
101	71.4
103	71.4
104	71.4
106	71.3
107	71.3
109	71.2
110	71.2
112	71.2
113	71.1
115	71
117	70.9
118	70.8
120	70.7
122	70.7
124	70.7
125	70.7
127	70.6
129	70.5
131	70.4
133	70.4
135	70.4
137	70.3
139	70.2
141	70.1
143	69.9
145	69.8
147	69.8
149	69.8
151	69.7
154	69.5
156	69.5
158	69.4
160	69.3
163	69.2
165	69.2
168	69
170	68.8
172	68.8
175	68.8
177	68.7
180	68.6
183	68.6
185	68.5
188	68.4
191	68.4
194	68.3
196	68.2
199	68.1
202	68
205	67.9
208	67.8
211	67.7
214	67.6
217	67.5
220	67.3
224	67.3
227	67.3
230	67.2
234	67.1
237	66.9
240	66.9
244	66.8
247	66.7
251	66.6
255	66.6
258	66.4
262	66.2
266	66.2
270	66.1
274	66
278	65.9
282	65.8
286	65.7
290	65.6
294	65.6
298	65.5
303	65.4
307	65.3
312	65.3
316	65.2
321	65.1
325	65
330	64.9
335	64.9
340	64.8
345	64.8
350	64.7
355	64.7
360	64.7
365	64.5
371	64.6
376	64.5
382	64.5
387	64.5
393	64.5
398	64.5
404	64.4
410	64.5
416	64.5
422	64.5
428	64.4
434	64.5
441	64.5
447	64.6
454	64.6
460	64.5
467	64.5
474	64.8
481	64.7
488	64.7
495	64.8
502	64.8
509	64.9
517	64.9
524	65
532	65
540	65.1
547	65.1
555	65.1
563	65.2
572	65.2
580	65.3
588	65.4
597	65.4
606	65.5
614	65.5
623	65.6
632	65.6
642	65.7
651	65.7
660	65.8
670	65.8
680	65.8
690	65.9
700	66
710	66
720	66
731	66.1
741	66.1
752	66.2
763	66.2
774	66.3
785	66.4
797	66.4
808	66.5
820	66.5
832	66.6
844	66.6
856	66.8
869	66.8
882	66.9
894	67
907	67
921	67.1
934	67.2
948	67.2
961	67.2
975	67.3
990	67.2
1004	67
1019	66.4
1033	66.4
1048	66.7
1064	66.9
1079	67.5
1095	67.7
1111	68.1
1127	68.3
1143	68.5
1160	68.9
1177	69
1194	69.4
1211	69.5
1229	69.9
1247	70
1265	70.1
1283	70.4
1302	70.5
1321	70.9
1340	70.9
1360	71.2
1379	71.2
1399	71.4
1420	71.5
1440	71.5
1461	71.7
1483	71.7
1504	71.7
1526	71.7
1548	71.6
1571	71.6
1594	71.5
1617	71.4
1640	71.3
1664	71
1688	70.9
1713	70.6
1738	70.5
1763	70.2
1789	70.1
1815	70
1841	69.5
1868	69.4
1895	69.1
1923	68.9
1951	68.6
1979	68.5
2008	68.2
2037	68
2067	67.9
2097	67.7
2127	67.6
2158	67.3
2190	67.3
2221	67
2254	66.9
2287	66.9
2320	66.6
2354	66.5
2388	66.3
2423	66.2
2458	66
2494	66
2530	65.8
2567	65.7
2604	65.7
2642	65.6
2680	65.5
2719	65.5
2759	65.5
2799	65.4
2840	65.4
2881	65.4
2923	65.5
2965	65.5
3008	65.6
3052	65.6
3097	65.8
3142	65.9
3187	66.1
3234	66.3
3281	66.3
3328	66.7
3377	66.8
3426	67.2
3476	67.3
3526	67.7
3578	67.9
3630	68
3682	68.2
3736	68.3
3790	68.3
3846	68.3
3901	68.1
3958	68
4016	67.8
4074	67.5
4133	67.4
4194	67
4255	66.9
4316	66.6
4379	66.3
4443	66.1
4508	65.8
4573	65.4
4640	65
4707	64.8
4776	64.2
4845	63.9
4916	63.6
4987	63.4
5060	63.2
5133	63.2
5208	63.2
5284	63.3
5360	63.4
5438	64
5518	64.5
5598	65.2
5679	66
5762	67
5846	68.2
5931	68.9
6017	70.5
6104	70.9
6193	70.8
6283	70.3
6375	69.5
6467	68.6
6561	68.1
6657	67.1
6754	66.5
6852	65.9
6952	65
7053	63.4
7155	61.1
7259	60.4
7365	62.6
7472	65.1
7581	66.4
7691	66.8
7803	66.5
7916	65.8
8032	65
8148	64.2
8267	63.7
8387	62.7
8509	62.2
8633	61.7
8758	61.2
8886	60.6
9015	59.8
9146	58.6
9279	57.3
9414	56.2
9551	55.5
9690	55.4
9831	55.8
9974	56.4
10119	57.1
10266	57.5
10416	58.1
10567	57.9
10721	57
10877	55.8
11035	54.4
11196	53.2
11358	52.2
11524	51.4
11691	50.8
11861	50.4
12034	50.2
12209	50.2
12386	50.7
12567	52
12749	54.4
12935	57.4
13123	61.3
13314	62
13507	63
13704	63.2
13903	62.7
14105	62
14311	61.1
14519	59.4
14730	58.7
14944	57.4
15162	56.3
15382	55.4
15606	54.6
15833	54
16063	53.6
16297	53.6
16534	54.1
16774	54.5
17018	55.4
17266	56.6
17517	57.8
17772	58.5
18030	58.5
18293	57.6
18559	57.1
18829	56
19102	54.8
19380	53.2
20000	50.7
overall dB	93.4 dB
decay	Average
averaging	No Smoothing
source	Headset Mic 1 Low Range


saved	7/12/19, 5:55 PM
peak	20.4Hz
