













19.5	61.701
19.8	61.701
20.1	61.701
20.3	61.743
20.6	61.8345
20.9	61.91
21.2	61.974
21.6	62.118
21.9	62.1345
22.2	62.281
22.5	62.179
22.8	62.183
23.2	62.2135
23.5	62.306
23.8	62.452
24.2	62.491
24.5	62.656
24.9	62.7035
25.3	62.752
25.6	62.989
26	62.829
26.4	63.1485
26.8	63.204
27.2	63.3475
27.5	63.491
28	63.6995
28.4	63.891
28.8	64.122
29.2	64.18
29.6	64.237
30	64.3505
30.5	64.28
30.9	64.251
31.4	64.3345
31.8	64.319
32.3	64.345
32.8	64.378
33.2	64.4885
33.7	64.701
34.2	64.9815
34.7	64.998
35.2	65.3105
35.7	65.2935
36.2	65.3183
36.8	65.4605
37.3	65.588
37.9	65.6915
38.4	65.7145
39	65.659
39.5	65.6497
40.1	65.581
40.7	65.514
41.3	65.53
41.9	65.648
42.5	65.8
43.1	66.123
43.7	66.245
44.4	66.3485
45	66.2913
45.7	66.305
46.3	66.4123
47	66.553
47.7	66.8487
48.4	66.971
49.1	67.0027
49.8	66.9933
50.5	66.741
51.3	66.5697
52	66.5643
52.8	66.5813
53.5	66.5953
54.3	66.615
55.1	66.6213
55.9	66.554
56.7	66.549
57.5	66.5623
58.4	66.579
59.2	66.6187
60.1	66.7815
61	66.828
61.8	66.9243
62.7	66.9423
63.7	66.9535
64.6	66.9805
65.5	67.0613
66.5	67.0028
67.4	67.001
68.4	67.082
69.4	67.0433
70.4	67.1877
71.5	67.1495
72.5	67.236
73.5	67.328
74.6	67.2613
75.7	67.2578
76.8	67.2627
77.9	67.2765
79.1	67.3634
80.2	67.3858
81.4	67.388
82.6	67.3944
83.8	67.3982
85	67.4104
86.2	67.508
87.5	67.6022
88.7	67.6132
90	67.6172
91.3	67.6136
92.7	67.5465
94	67.6044
95.4	67.5477
96.8	67.6228
98.2	67.7238
99.6	67.8383
101	67.93
103	67.9352
104	67.8407
106	67.8278
107	67.8292
109	67.8267
110	67.9213
112	67.9206
113	67.8192
115	67.8276
117	67.9026
118	67.9154
120	67.9124
122	67.9209
124	67.9889
125	68.0047
127	67.9986
129	67.9948
131	67.9996
133	68.0749
135	68.0807
137	68.0713
139	68.0724
141	68.1769
143	68.1959
145	68.1112
147	68.0965
149	68.1196
151	68.2039
154	68.2016
156	68.123
158	68.2055
160	68.3046
163	68.298
165	68.209
168	68.1966
170	68.2
172	68.2
175	68.2
177	68.2
180	68.2
183	68.1991
185	68.2144
188	68.2915
191	68.3023
194	68.3
196	68.3026
199	68.2839
202	68.2195
205	68.2909
208	68.3016
211	68.3
214	68.3021
217	68.2838
220	68.2032
224	68.1973
227	68.2
230	68.198
234	68.2024
237	68.2871
240	68.2872
244	68.2101
247	68.1966
251	68.2087
255	68.2867
258	68.2883
262	68.2087
266	68.198
270	68.2
274	68.2
278	68.2
282	68.2015
286	68.1904
290	68.1229
294	68.1769
298	68.1024
303	68.1088
307	68.1822
312	68.1155
316	68.0985
321	68.0984
325	68.1155
330	68.1979
335	68.1837
340	68.0221
345	67.9961
350	68
355	68.0019
360	67.9887
365	67.9073
371	67.8976
376	67.9
382	67.9
387	67.9
393	67.9
398	67.9023
404	67.8883
410	67.8086
416	67.8003
422	67.7891
428	67.708
434	67.6986
441	67.7
447	67.7
454	67.7
460	67.702
467	67.6908
474	67.6113
481	67.5979
488	67.6
495	67.6
502	67.6018
509	67.5876
517	67.5193
524	67.5907
532	67.5947
540	67.5132
547	67.5005
555	67.4875
563	67.4065
572	67.398
580	67.4017
588	67.3885
597	67.3093
606	67.2981
614	67.3
623	67.302
632	67.2882
642	67.2102
651	67.1982
660	67.2
670	67.2018
680	67.1903
690	67.1211
700	67.178
710	67.1119
720	67.0983
731	67.1016
741	67.0892
752	67.009
763	66.9982
774	67
785	67
797	67
808	67
820	67
832	66.9981
844	67.0112
856	67.0925
869	67.1019
882	67.1
894	67.1
907	67.098
921	67.1068
934	67.2002
948	67.2896
961	67.3112
975	67.4024
990	67.4895
1004	67.5088
1019	67.5953
1033	67.702
1048	67.8
1064	67.907
1079	68.0889
1095	68.2108
1111	68.3787
1127	68.4082
1143	68.5214
1160	68.7795
1177	68.9123
1194	69.0885
1211	69.214
1229	69.3925
1247	69.4883
1265	69.5314
1283	69.77
1302	69.8227
1321	69.9893
1340	70.0922
1360	70.1091
1379	70.2016
1399	70.2915
1420	70.3114
1440	70.3913
1461	70.3998
1483	70.4089
1504	70.4906
1526	70.5
1548	70.5104
1571	70.5903
1594	70.6002
1617	70.6079
1640	70.7014
1664	70.7908
1688	70.8104
1713	70.8982
1738	70.9995
1763	71.1019
1789	71.1866
1815	71.2283
1841	71.4764
1868	71.6241
1895	71.8804
1923	72.012
1951	72.1854
1979	72.3214
2008	72.58
2037	72.702
2067	72.8083
2097	72.989
2127	73.1043
2158	73.1926
2190	73.2019
2221	73.2
2254	73.2018
2287	73.1909
2320	73.1118
2354	73.0907
2388	73.0025
2423	72.8992
2458	72.8135
2494	72.7726
2530	72.5206
2567	72.4079
2604	72.3808
2642	72.2119
2680	72.0959
2719	72.0093
2759	71.9889
2799	71.91
2840	71.8981
2881	71.9
2923	71.9
2965	71.9
3008	71.8982
3052	71.908
3097	71.9976
3142	72.0995
3187	72.2005
3234	72.296
3281	72.4184
3328	72.6784
3377	72.823
3426	73.0754
3476	73.2286
3526	73.592
3578	73.8803
3630	74.0317
3682	74.3689
3736	74.5255
3790	74.7784
3846	74.9221
3901	75.1819
3958	75.3059
4016	75.3921
4074	75.4
4133	75.4099
4194	75.4884
4255	75.5113
4316	75.5888
4379	75.6116
4443	75.6903
4508	75.7001
4573	75.7098
4640	75.7903
4707	75.8
4776	75.8094
4845	75.8903
4916	75.9001
4987	75.9096
5060	75.99
5133	76.0055
5208	75.9809
5284	75.8268
5360	75.7616
5438	75.4145
5518	75.0936
5598	74.6949
5679	74.2039
5762	73.6774
5846	73.049
5931	72.6327
6017	71.7446
6104	71.0902
6193	70.4957
6283	69.9019
6375	69.4104
6467	69.1003
6561	69.0329
6657	69.53
6754	70.6248
6852	71.9429
6952	72.571
7053	72.5937
7155	72.4036
7259	72.326
7365	72.6015
7472	73.1293
7581	73.998
7691	74.8938
7803	75.4569
7916	75.1324
8032	73.6499
8148	71.6216
8267	70.0994
8387	67.2287
8509	65.1842
8633	63.5066
8758	62.0054
8886	60.6974
9015	59.5194
9146	58.588
9279	57.7106
9414	56.9967
9551	56.417
9690	56.1134
9831	55.9821
9974	55.6897
10119	55.3248
10266	55.1943
10416	55.1001
10567	55.0053
10721	54.8837
10877	54.4794
11035	53.6908
11196	52.5759
11358	51.1059
11524	49.5893
11691	48.0109
11861	46.6056
12034	45.4069
12209	44.4123
12386	43.7225
12567	43.3951
12749	43.2215
12935	43.2962
13123	43.394
13314	43.3976
13507	43.2892
13704	42.9876
13903	42.5009
14105	42.0048
14311	41.5988
14519	41.3258
14730	41.3994
14944	41.7291
15162	42.5165
15382	43.7215
15606	45.2033
15833	46.4113
16063	46.5224
16297	45.8156
16534	43.5718
16774	42.3215
17018	40.9373
17266	39.819
17517	38.625
17772	35.8397
18030	31.541
18293	31.4822
18559	33.0292
18829	34.569
19102	34.4393
19380	33.1809
20000	31.9608
