












Frequency	dB	Unweighted
19.5	69.5
19.8	69.6
20.1	69.8
20.3	69.8
20.6	69.9
20.9	70
21.2	70
21.6	70.1
21.9	70.1
22.2	70.1
22.5	70.2
22.8	70.2
23.2	70.3
23.5	70.3
23.8	70.4
24.2	70.4
24.5	70.5
24.9	70.5
25.3	70.7
25.6	70.7
26	70.8
26.4	70.9
26.8	70.9
27.2	71
27.5	71
28	71.1
28.4	71.1
28.8	71.2
29.2	71.2
29.6	71.2
30	71.3
30.5	71.3
30.9	71.3
31.4	71.2
31.8	71.2
32.3	71.2
32.8	71.3
33.2	71.3
33.7	71.4
34.2	71.4
34.7	71.4
35.2	71.4
35.7	71.4
36.2	71.5
36.8	71.5
37.3	71.5
37.9	71.6
38.4	71.6
39	71.6
39.5	71.6
40.1	71.8
40.7	71.8
41.3	71.9
41.9	71.9
42.5	71.8
43.1	71.7
43.7	71.6
44.4	71.5
45	71.5
45.7	71.7
46.3	71.8
47	71.9
47.7	71.9
48.4	71.9
49.1	72
49.8	72
50.5	72.1
51.3	72.1
52	72.1
52.8	72
53.5	71.9
54.3	71.9
55.1	71.9
55.9	71.9
56.7	71.9
57.5	72
58.4	72
59.2	71.9
60.1	71.9
61	71.8
61.8	71.8
62.7	71.8
63.7	71.8
64.6	71.9
65.5	71.9
66.5	71.9
67.4	71.9
68.4	71.8
69.4	71.8
70.4	71.8
71.5	71.9
72.5	72
73.5	72
74.6	72
75.7	71.9
76.8	71.9
77.9	71.8
79.1	71.7
80.2	71.7
81.4	71.7
82.6	71.8
83.8	71.8
85	71.8
86.2	71.8
87.5	71.8
88.7	71.7
90	71.7
91.3	71.7
92.7	71.7
94	71.7
95.4	71.7
96.8	71.7
98.2	71.7
99.6	71.7
101	71.6
103	71.7
104	71.8
106	71.8
107	71.7
109	71.6
110	71.6
112	71.6
113	71.5
115	71.5
117	71.5
118	71.5
120	71.5
122	71.4
124	71.5
125	71.5
127	71.4
129	71.3
131	71.3
133	71.2
135	71.3
137	71.3
139	71.3
141	71.3
143	71.3
145	71.2
147	71.1
149	71
151	71
154	71
156	71
158	71
160	71
163	71
165	71
168	70.9
170	70.9
172	70.9
175	70.9
177	70.8
180	70.8
183	70.8
185	70.8
188	70.7
191	70.7
194	70.6
196	70.7
199	70.8
202	70.7
205	70.6
208	70.5
211	70.5
214	70.4
217	70.4
220	70.4
224	70.3
227	70.3
230	70.2
234	70.2
237	70.1
240	70
244	70
247	70
251	69.9
255	69.9
258	69.8
262	69.8
266	69.8
270	69.7
274	69.7
278	69.6
282	69.5
286	69.5
290	69.5
294	69.4
298	69.4
303	69.3
307	69.3
312	69.3
316	69.2
321	69.1
325	69
330	68.9
335	68.9
340	68.8
345	68.8
350	68.7
355	68.7
360	68.5
365	68.5
371	68.5
376	68.4
382	68.3
387	68.2
393	68.2
398	68.1
404	68
410	68
416	67.9
422	67.9
428	67.7
434	67.7
441	67.6
447	67.5
454	67.4
460	67.4
467	67.3
474	67.2
481	67.2
488	67.1
495	67.1
502	67
509	66.8
517	66.8
524	66.7
532	66.7
540	66.5
547	66.5
555	66.4
563	66.3
572	66.2
580	66.2
588	66.1
597	66
606	65.9
614	65.8
623	65.7
632	65.7
642	65.6
651	65.6
660	65.4
670	65.4
680	65.3
690	65.3
700	65.1
710	65
720	65
731	64.9
741	64.9
752	64.8
763	64.7
774	64.6
785	64.6
797	64.5
808	64.4
820	64.4
832	64.4
844	64.3
856	64.2
869	64.2
882	64.1
894	64.1
907	64.1
921	64
934	64
948	64
961	64.1
975	64.1
990	64.1
1004	64.1
1019	64.2
1033	64.2
1048	64.3
1064	64.3
1079	64.5
1095	64.5
1111	64.7
1127	64.8
1143	64.8
1160	65
1177	65
1194	65.3
1211	65.3
1229	65.5
1247	65.5
1265	65.6
1283	65.7
1302	65.7
1321	65.9
1340	65.9
1360	66
1379	66
1399	66.1
1420	66.1
1440	66.1
1461	66.2
1483	66.2
1504	66.2
1526	66.2
1548	66.2
1571	66.2
1594	66.3
1617	66.3
1640	66.3
1664	66.3
1688	66.3
1713	66.4
1738	66.4
1763	66.5
1789	66.5
1815	66.5
1841	66.7
1868	66.7
1895	66.8
1923	66.8
1951	67
1979	67
2008	67.1
2037	67.2
2067	67.3
2097	67.4
2127	67.5
2158	67.7
2190	67.7
2221	67.9
2254	68
2287	68.1
2320	68.4
2354	68.4
2388	68.7
2423	68.7
2458	68.9
2494	69
2530	69.2
2567	69.3
2604	69.3
2642	69.4
2680	69.4
2719	69.4
2759	69.4
2799	69.3
2840	69.2
2881	69.1
2923	69
2965	68.9
3008	68.7
3052	68.7
3097	68.5
3142	68.3
3187	68.2
3234	68
3281	68
3328	67.8
3377	67.7
3426	67.5
3476	67.4
3526	67.2
3578	67.1
3630	67.1
3682	66.9
3736	66.8
3790	66.7
3846	66.7
3901	66.5
3958	66.5
4016	66.4
4074	66.4
4133	66.3
4194	66.3
4255	66.4
4316	66.4
4379	66.4
4443	66.5
4508	66.6
4573	66.7
4640	66.8
4707	66.9
4776	67
4845	67.2
4916	67.4
4987	67.5
5060	67.7
5133	67.9
5208	68
5284	68.2
5360	68.2
5438	68.4
5518	68.4
5598	68.5
5679	68.7
5762	69
5846	69.5
5931	69.7
6017	70.3
6104	70.7
6193	71.1
6283	71.5
6375	71.9
6467	72.4
6561	72.6
6657	73.5
6754	74.2
6852	74.9
6952	75.7
7053	76.5
7155	77.3
7259	77.8
7365	78
7472	77.5
7581	76.5
7691	75.1
7803	73.6
7916	72.1
8032	70.7
8148	69.5
8267	69
8387	67.7
8509	67.1
8633	66.5
8758	66.1
8886	65.7
9015	65.3
9146	64.9
9279	64.6
9414	64.4
9551	64.2
9690	64.1
9831	64.2
9974	64.3
10119	64.4
10266	64.2
10416	62.9
10567	62.1
10721	60.3
10877	58.6
11035	56.9
11196	55.3
11358	54
11524	52.9
11691	52.1
11861	51.4
12034	51
12209	50.7
12386	50.6
12567	50.8
12749	51
12935	51.4
13123	52.3
13314	52.7
13507	53.6
13704	54.8
13903	56.1
14105	56.6
14311	55.7
14519	51.9
14730	50.6
14944	48
15162	45.9
15382	44.1
15606	42.7
15833	41.7
16063	40.7
16297	40.6
16534	40.4
16774	40.4
17018	40.4
17266	40.3
17517	40
17772	39.3
18030	38.4
18293	36.6
18559	36
18829	34.5
19102	32.5
19380	29.7
20000	25.8
overall dB	93.5 dB
decay	Average
averaging	No Smoothing
source	Headset Mic 1 Low Range


saved	30/11/19, 7:45 PM
peak	20.5Hz
