












Frequency	dB	Unweighted
19.5	67.4
19.8	67.4
20.1	67.6
20.3	67.6
20.6	67.8
20.9	67.8
21.2	67.9
21.6	68
21.9	68.1
22.2	68.2
22.5	68.2
22.8	68.3
23.2	68.3
23.5	68.4
23.8	68.5
24.2	68.6
24.5	68.7
24.9	68.7
25.3	68.8
25.6	68.9
26	69
26.4	69
26.8	69
27.2	69.2
27.5	69.2
28	69.3
28.4	69.3
28.8	69.3
29.2	69.4
29.6	69.4
30	69.5
30.5	69.5
30.9	69.5
31.4	69.6
31.8	69.6
32.3	69.6
32.8	69.6
33.2	69.7
33.7	69.7
34.2	69.8
34.7	69.8
35.2	69.9
35.7	69.9
36.2	69.9
36.8	69.9
37.3	69.9
37.9	69.9
38.4	69.9
39	70
39.5	70
40.1	70.1
40.7	70.1
41.3	70.2
41.9	70.2
42.5	70.2
43.1	70.2
43.7	70.2
44.4	70.2
45	70.2
45.7	70.3
46.3	70.4
47	70.5
47.7	70.5
48.4	70.5
49.1	70.5
49.8	70.5
50.5	70.5
51.3	70.5
52	70.4
52.8	70.4
53.5	70.4
54.3	70.4
55.1	70.4
55.9	70.4
56.7	70.5
57.5	70.5
58.4	70.5
59.2	70.5
60.1	70.5
61	70.5
61.8	70.6
62.7	70.5
63.7	70.5
64.6	70.6
65.5	70.6
66.5	70.6
67.4	70.6
68.4	70.6
69.4	70.6
70.4	70.6
71.5	70.6
72.5	70.6
73.5	70.6
74.6	70.6
75.7	70.6
76.8	70.6
77.9	70.6
79.1	70.5
80.2	70.5
81.4	70.5
82.6	70.6
83.8	70.7
85	70.7
86.2	70.7
87.5	70.7
88.7	70.7
90	70.6
91.3	70.6
92.7	70.6
94	70.7
95.4	70.7
96.8	70.7
98.2	70.6
99.6	70.5
101	70.6
103	70.6
104	70.7
106	70.7
107	70.6
109	70.6
110	70.7
112	70.7
113	70.7
115	70.6
117	70.5
118	70.5
120	70.6
122	70.5
124	70.6
125	70.7
127	70.6
129	70.6
131	70.5
133	70.4
135	70.5
137	70.5
139	70.6
141	70.6
143	70.6
145	70.5
147	70.4
149	70.3
151	70.4
154	70.4
156	70.3
158	70.4
160	70.4
163	70.4
165	70.3
168	70.3
170	70.2
172	70.3
175	70.3
177	70.3
180	70.3
183	70.3
185	70.3
188	70.3
191	70.3
194	70.2
196	70.2
199	70.3
202	70.3
205	70.3
208	70.2
211	70.1
214	70.1
217	70.2
220	70.2
224	70.1
227	70.1
230	70.1
234	70.1
237	70
240	69.9
244	69.9
247	69.9
251	69.8
255	69.7
258	69.7
262	69.8
266	69.8
270	69.7
274	69.7
278	69.7
282	69.7
286	69.7
290	69.6
294	69.6
298	69.6
303	69.5
307	69.6
312	69.6
316	69.5
321	69.4
325	69.4
330	69.3
335	69.3
340	69.3
345	69.3
350	69.3
355	69.2
360	69.1
365	69.1
371	69.1
376	69.1
382	69
387	68.9
393	68.9
398	68.9
404	68.9
410	68.9
416	68.8
422	68.7
428	68.7
434	68.6
441	68.6
447	68.6
454	68.5
460	68.5
467	68.5
474	68.5
481	68.4
488	68.3
495	68.3
502	68.4
509	68.2
517	68.2
524	68.3
532	68.2
540	68.1
547	68.1
555	68.1
563	68
572	68
580	67.9
588	67.9
597	67.9
606	67.9
614	67.8
623	67.8
632	67.8
642	67.7
651	67.7
660	67.7
670	67.7
680	67.7
690	67.7
700	67.7
710	67.7
720	67.6
731	67.6
741	67.6
752	67.6
763	67.6
774	67.6
785	67.6
797	67.6
808	67.6
820	67.6
832	67.7
844	67.7
856	67.7
869	67.8
882	67.8
894	67.9
907	67.9
921	68
934	68
948	68.2
961	68.2
975	68.5
990	68.7
1004	68.7
1019	68.9
1033	69
1048	69.2
1064	69.3
1079	69.8
1095	69.9
1111	70.3
1127	70.4
1143	70.5
1160	71
1177	71.1
1194	71.7
1211	71.9
1229	72.3
1247	72.5
1265	72.7
1283	73.2
1302	73.3
1321	74
1340	74.1
1360	74.7
1379	74.8
1399	75.3
1420	75.4
1440	75.6
1461	76.1
1483	76.3
1504	76.5
1526	76.6
1548	76.7
1571	76.8
1594	76.8
1617	76.8
1640	76.8
1664	76.6
1688	76.6
1713	76.5
1738	76.4
1763	76.3
1789	76.3
1815	76.2
1841	76.2
1868	76.1
1895	76.1
1923	76.1
1951	76
1979	76
2008	75.9
2037	75.8
2067	75.7
2097	75.4
2127	75.4
2158	75
2190	74.8
2221	74.4
2254	74.2
2287	74
2320	73.3
2354	73.2
2388	72.6
2423	72.5
2458	72
2494	71.9
2530	71.5
2567	71.3
2604	71.2
2642	71
2680	71
2719	70.9
2759	70.9
2799	71
2840	71
2881	71.1
2923	71.2
2965	71.3
3008	71.5
3052	71.5
3097	71.8
3142	71.9
3187	72.1
3234	72.3
3281	72.4
3328	72.7
3377	72.8
3426	73
3476	73
3526	73
3578	72.9
3630	72.8
3682	72.3
3736	72.1
3790	71.7
3846	71.5
3901	71.2
3958	71
4016	70.9
4074	70.8
4133	70.8
4194	70.8
4255	70.9
4316	71
4379	71.1
4443	71.2
4508	71.2
4573	71.1
4640	70.9
4707	70.7
4776	69.8
4845	69
4916	68.1
4987	67
5060	65.9
5133	64.9
5208	64.4
5284	63.1
5360	62.8
5438	62.6
5518	62.9
5598	63.4
5679	64
5762	64.5
5846	64.8
5931	64.9
6017	64.7
6104	64.2
6193	63.8
6283	63.3
6375	62.9
6467	62.6
6561	62.4
6657	62.1
6754	62
6852	62.1
6952	62.2
7053	62.6
7155	63
7259	63.7
7365	64.3
7472	64.9
7581	65.6
7691	66.4
7803	67.2
7916	67.8
8032	67.9
8148	67.5
8267	67.1
8387	65.3
8509	64
8633	62.8
8758	61.7
8886	60.7
9015	59.9
9146	59.5
9279	60
9414	61.3
9551	62.4
9690	62.2
9831	60.6
9974	58.2
10119	55.6
10266	53.5
10416	51.6
10567	51.2
10721	50
10877	48.7
11035	47.7
11196	47.8
11358	48.6
11524	49.9
11691	51.2
11861	52.4
12034	53.4
12209	54.1
12386	54.7
12567	55.1
12749	55.6
12935	56.2
13123	57.1
13314	57.4
13507	58
13704	58.5
13903	58.9
14105	59.2
14311	59.1
14519	58.4
14730	58
14944	56.9
15162	55.8
15382	54.5
15606	52.9
15833	51.2
16063	49.7
16297	49.6
16534	49.5
16774	49.4
17018	49.2
17266	48.8
17517	48.2
17772	47.3
18030	46.2
18293	44.3
18559	43.7
18829	42.5
19102	41.4
19380	40.9
20000	40.4
overall dB	94.2 dB
decay	Average
averaging	No Smoothing
source	Headset Mic 1 Low Range


saved	24/11/19, 2:24 PM
peak	26.4Hz
