












Frequency	dB	Unweighted
19.5	74.3
19.8	74.4
20.1	74.3
20.3	74.3
20.6	74.3
20.9	74.3
21.2	74.2
21.6	74.2
21.9	74.2
22.2	74.1
22.5	74.1
22.8	74.1
23.2	74.1
23.5	74.1
23.8	74.1
24.2	74.1
24.5	74
24.9	74
25.3	73.9
25.6	73.8
26	73.7
26.4	73.7
26.8	73.6
27.2	73.5
27.5	73.4
28	73.4
28.4	73.3
28.8	73.3
29.2	73.3
29.6	73.2
30	73.1
30.5	73.1
30.9	72.9
31.4	72.8
31.8	72.7
32.3	72.7
32.8	72.6
33.2	72.6
33.7	72.5
34.2	72.4
34.7	72.4
35.2	72.3
35.7	72.2
36.2	72.1
36.8	72
37.3	72
37.9	71.9
38.4	71.9
39	71.8
39.5	71.8
40.1	71.7
40.7	71.7
41.3	71.6
41.9	71.5
42.5	71.5
43.1	71.3
43.7	71.2
44.4	71
45	71
45.7	70.9
46.3	70.9
47	70.9
47.7	71
48.4	71
49.1	70.9
49.8	70.8
50.5	70.7
51.3	70.6
52	70.6
52.8	70.4
53.5	70.3
54.3	70.1
55.1	70
55.9	69.9
56.7	69.9
57.5	69.8
58.4	69.8
59.2	69.7
60.1	69.7
61	69.7
61.8	69.6
62.7	69.5
63.7	69.4
64.6	69.3
65.5	69.3
66.5	69.2
67.4	69.2
68.4	68.9
69.4	68.9
70.4	68.7
71.5	68.7
72.5	68.7
73.5	68.7
74.6	68.6
75.7	68.5
76.8	68.5
77.9	68.3
79.1	68.3
80.2	68.2
81.4	68.1
82.6	68
83.8	68
85	68
86.2	68
87.5	67.9
88.7	67.8
90	67.7
91.3	67.6
92.7	67.5
94	67.5
95.4	67.5
96.8	67.5
98.2	67.5
99.6	67.3
101	67.3
103	67.2
104	67.2
106	67.1
107	67
109	67
110	67
112	67
113	67
115	67
117	66.9
118	66.7
120	66.7
122	66.7
124	66.7
125	66.7
127	66.6
129	66.5
131	66.5
133	66.5
135	66.5
137	66.4
139	66.3
141	66.3
143	66.2
145	66.1
147	66.1
149	66.1
151	66.1
154	66.1
156	66.1
158	66
160	65.9
163	65.9
165	65.9
168	65.9
170	65.8
172	65.8
175	65.8
177	65.8
180	65.8
183	65.8
185	65.7
188	65.7
191	65.7
194	65.7
196	65.6
199	65.6
202	65.7
205	65.7
208	65.6
211	65.6
214	65.6
217	65.5
220	65.5
224	65.5
227	65.5
230	65.4
234	65.4
237	65.4
240	65.4
244	65.4
247	65.4
251	65.3
255	65.3
258	65.3
262	65.2
266	65.3
270	65.2
274	65.2
278	65.2
282	65.2
286	65.2
290	65.2
294	65.2
298	65.2
303	65.2
307	65.2
312	65.2
316	65.1
321	65.1
325	65.1
330	65.1
335	65
340	65
345	65
350	65
355	65
360	64.9
365	64.9
371	64.9
376	64.9
382	64.9
387	64.9
393	64.9
398	64.9
404	64.9
410	64.9
416	64.8
422	64.8
428	64.7
434	64.8
441	64.8
447	64.8
454	64.8
460	64.7
467	64.7
474	64.7
481	64.7
488	64.7
495	64.7
502	64.6
509	64.6
517	64.6
524	64.6
532	64.6
540	64.6
547	64.6
555	64.6
563	64.5
572	64.5
580	64.5
588	64.5
597	64.4
606	64.4
614	64.4
623	64.4
632	64.4
642	64.4
651	64.3
660	64.4
670	64.4
680	64.3
690	64.4
700	64.4
710	64.4
720	64.4
731	64.4
741	64.4
752	64.4
763	64.4
774	64.4
785	64.4
797	64.4
808	64.5
820	64.5
832	64.5
844	64.5
856	64.5
869	64.5
882	64.6
894	64.6
907	64.6
921	64.7
934	64.7
948	64.9
961	64.9
975	65
990	65.1
1004	65.1
1019	65.3
1033	65.3
1048	65.5
1064	65.6
1079	65.9
1095	66
1111	66.2
1127	66.3
1143	66.4
1160	66.7
1177	66.8
1194	67.1
1211	67.2
1229	67.5
1247	67.6
1265	67.7
1283	67.9
1302	68
1321	68.3
1340	68.3
1360	68.5
1379	68.6
1399	68.8
1420	68.9
1440	68.9
1461	69.2
1483	69.2
1504	69.4
1526	69.4
1548	69.6
1571	69.6
1594	69.7
1617	69.8
1640	69.8
1664	70
1688	70.1
1713	70.2
1738	70.3
1763	70.5
1789	70.5
1815	70.5
1841	70.8
1868	70.8
1895	71
1923	71
1951	71.2
1979	71.3
2008	71.4
2037	71.6
2067	71.6
2097	71.8
2127	71.9
2158	72.1
2190	72.1
2221	72.3
2254	72.3
2287	72.4
2320	72.6
2354	72.7
2388	72.8
2423	72.9
2458	72.9
2494	72.9
2530	73
2567	73.1
2604	73.1
2642	73.1
2680	73.1
2719	73.1
2759	73.1
2799	73.1
2840	73
2881	72.9
2923	72.8
2965	72.8
3008	72.6
3052	72.6
3097	72.4
3142	72.3
3187	72.1
3234	72
3281	72
3328	71.9
3377	71.9
3426	71.7
3476	71.7
3526	71.6
3578	71.5
3630	71.4
3682	71.3
3736	71.2
3790	71.1
3846	71.1
3901	70.9
3958	70.8
4016	70.6
4074	70.4
4133	70.3
4194	70.2
4255	70.2
4316	70.1
4379	70.1
4443	70.1
4508	70
4573	70
4640	69.9
4707	69.9
4776	69.7
4845	69.6
4916	69.4
4987	69.2
5060	69
5133	68.8
5208	68.7
5284	68.4
5360	68.3
5438	68.1
5518	67.9
5598	67.8
5679	67.6
5762	67.5
5846	67.4
5931	67.3
6017	67.2
6104	67.2
6193	67.3
6283	67.4
6375	67.6
6467	67.9
6561	68.1
6657	68.6
6754	68.9
6852	69.1
6952	69.1
7053	69
7155	68.9
7259	68.8
7365	68.9
7472	69.1
7581	69.7
7691	70.5
7803	71.3
7916	72.1
8032	72.5
8148	72.2
8267	71.9
8387	70.1
8509	68.7
8633	67.4
8758	66.2
8886	65.1
9015	64.2
9146	63.3
9279	62.6
9414	62
9551	61.5
9690	61
9831	60.6
9974	60.1
10119	59.8
10266	59.4
10416	58.7
10567	58.4
10721	57.9
10877	57.3
11035	56.6
11196	56
11358	55.3
11524	54.7
11691	54.2
11861	53.7
12034	53.4
12209	53.1
12386	53
12567	53
12749	53.2
12935	53.3
13123	53.7
13314	53.8
13507	54.1
13704	54.5
13903	55
14105	55.7
14311	56.4
14519	57.9
14730	58.4
14944	59.4
15162	60.6
15382	61.7
15606	62.4
15833	61.9
16063	58.5
16297	56.9
16534	52.3
16774	50.7
17018	47.7
17266	44.9
17517	43.3
17772	43.4
18030	44.7
18293	47.1
18559	47.9
18829	49.5
19102	51.1
19380	52.4
20000	52.4
overall dB	93.8 dB
decay	Average
averaging	No Smoothing
source	Headset Mic 1 Low Range


saved	27/1/21, 4:36 PM
peak	16.1Hz
