












Frequency	dB	Unweighted
19.5	70.8
19.8	70.8
20.1	70.9
20.3	71
20.6	71.1
20.9	71.1
21.2	71.2
21.6	71.3
21.9	71.4
22.2	71.5
22.5	71.5
22.8	71.6
23.2	71.6
23.5	71.6
23.8	71.7
24.2	71.7
24.5	71.8
24.9	71.8
25.3	71.9
25.6	71.9
26	71.9
26.4	71.9
26.8	71.9
27.2	71.8
27.5	71.8
28	71.8
28.4	71.7
28.8	71.7
29.2	71.7
29.6	71.7
30	71.7
30.5	71.7
30.9	71.6
31.4	71.6
31.8	71.6
32.3	71.6
32.8	71.5
33.2	71.5
33.7	71.5
34.2	71.5
34.7	71.5
35.2	71.5
35.7	71.5
36.2	71.5
36.8	71.5
37.3	71.5
37.9	71.5
38.4	71.5
39	71.5
39.5	71.5
40.1	71.6
40.7	71.6
41.3	71.6
41.9	71.6
42.5	71.6
43.1	71.5
43.7	71.5
44.4	71.4
45	71.4
45.7	71.4
46.3	71.4
47	71.4
47.7	71.4
48.4	71.4
49.1	71.3
49.8	71.3
50.5	71.3
51.3	71.2
52	71.1
52.8	71.1
53.5	71
54.3	71.1
55.1	71.1
55.9	71
56.7	70.9
57.5	70.8
58.4	70.8
59.2	70.8
60.1	70.7
61	70.7
61.8	70.6
62.7	70.6
63.7	70.6
64.6	70.5
65.5	70.4
66.5	70.3
67.4	70.3
68.4	70.2
69.4	70.1
70.4	70.1
71.5	70.1
72.5	70.1
73.5	70
74.6	70
75.7	70
76.8	70
77.9	69.9
79.1	69.9
80.2	69.7
81.4	69.6
82.6	69.5
83.8	69.5
85	69.5
86.2	69.4
87.5	69.4
88.7	69.3
90	69.3
91.3	69.2
92.7	69.1
94	69.1
95.4	69.1
96.8	69.1
98.2	68.9
99.6	68.7
101	68.7
103	68.6
104	68.5
106	68.4
107	68.4
109	68.4
110	68.3
112	68.2
113	68.1
115	68.1
117	68
118	67.9
120	67.8
122	67.7
124	67.6
125	67.6
127	67.5
129	67.4
131	67.3
133	67.3
135	67.2
137	67.1
139	67.1
141	67.1
143	67
145	67
147	66.9
149	66.9
151	66.8
154	66.7
156	66.6
158	66.5
160	66.5
163	66.4
165	66.4
168	66.4
170	66.4
172	66.3
175	66.3
177	66.2
180	66.2
183	66.3
185	66.2
188	66.1
191	66.1
194	66.1
196	66.1
199	66.1
202	66.1
205	66.1
208	66.1
211	66.1
214	66.1
217	66.1
220	66.2
224	66.1
227	66.1
230	66
234	65.9
237	66
240	66.1
244	66.1
247	66.1
251	66.1
255	66.1
258	66.1
262	66.1
266	66.1
270	66.1
274	66.1
278	66.1
282	66.2
286	66.2
290	66.2
294	66.2
298	66.2
303	66.1
307	66.2
312	66.2
316	66.2
321	66.2
325	66.2
330	66.2
335	66.2
340	66.2
345	66.3
350	66.3
355	66.3
360	66.3
365	66.3
371	66.2
376	66.3
382	66.3
387	66.3
393	66.2
398	66.2
404	66.2
410	66.2
416	66.2
422	66.1
428	66.1
434	66.2
441	66.1
447	66
454	66.1
460	66
467	66
474	66
481	66
488	66
495	66
502	65.9
509	66
517	66
524	66
532	65.9
540	65.8
547	65.9
555	65.9
563	65.8
572	65.8
580	65.9
588	65.8
597	65.8
606	65.8
614	65.8
623	65.8
632	65.8
642	65.8
651	65.7
660	65.7
670	65.8
680	65.7
690	65.7
700	65.7
710	65.7
720	65.7
731	65.7
741	65.7
752	65.8
763	65.8
774	65.8
785	65.8
797	65.8
808	65.8
820	65.8
832	65.8
844	65.8
856	65.9
869	65.9
882	66
894	66
907	66
921	66.1
934	66.1
948	66.3
961	66.3
975	66.5
990	66.6
1004	66.6
1019	66.7
1033	66.8
1048	66.9
1064	67
1079	67.3
1095	67.3
1111	67.5
1127	67.6
1143	67.7
1160	68
1177	68
1194	68.3
1211	68.4
1229	68.6
1247	68.7
1265	68.7
1283	68.9
1302	69
1321	69.2
1340	69.3
1360	69.5
1379	69.6
1399	69.7
1420	69.7
1440	69.9
1461	70.1
1483	70.2
1504	70.4
1526	70.4
1548	70.6
1571	70.7
1594	70.7
1617	70.8
1640	70.9
1664	71.1
1688	71.1
1713	71.3
1738	71.3
1763	71.5
1789	71.5
1815	71.5
1841	71.7
1868	71.8
1895	71.9
1923	71.9
1951	72
1979	72.1
2008	72.3
2037	72.4
2067	72.4
2097	72.6
2127	72.7
2158	72.8
2190	72.8
2221	73
2254	73
2287	73.1
2320	73.3
2354	73.4
2388	73.5
2423	73.6
2458	73.7
2494	73.7
2530	73.9
2567	74
2604	74
2642	74.1
2680	74.1
2719	74.2
2759	74.3
2799	74.4
2840	74.4
2881	74.4
2923	74.5
2965	74.5
3008	74.5
3052	74.5
3097	74.5
3142	74.5
3187	74.5
3234	74.4
3281	74.4
3328	74.3
3377	74.3
3426	74.2
3476	74.2
3526	74.1
3578	74
3630	74
3682	73.9
3736	73.8
3790	73.7
3846	73.6
3901	73.5
3958	73.3
4016	73.2
4074	73.1
4133	73.1
4194	72.9
4255	72.8
4316	72.6
4379	72.4
4443	72.3
4508	72.1
4573	71.9
4640	71.7
4707	71.6
4776	71.4
4845	71.2
4916	71
4987	70.8
5060	70.6
5133	70.4
5208	70.2
5284	69.9
5360	69.9
5438	69.5
5518	69.3
5598	69.1
5679	69
5762	68.8
5846	68.6
5931	68.6
6017	68.4
6104	68.3
6193	68.2
6283	68.1
6375	68.1
6467	68.1
6561	68.1
6657	68.1
6754	68.2
6852	68.4
6952	68.5
7053	68.7
7155	68.9
7259	69.2
7365	69.5
7472	69.8
7581	70.2
7691	70.5
7803	70.9
7916	71.1
8032	71.1
8148	70.7
8267	70.4
8387	68.7
8509	67.4
8633	66
8758	64.7
8886	63.5
9015	62.5
9146	61.5
9279	60.7
9414	60
9551	59.3
9690	58.8
9831	58.3
9974	57.9
10119	57.6
10266	57.4
10416	57.1
10567	57.1
10721	57.1
10877	57.1
11035	57.1
11196	57.1
11358	56.9
11524	56.6
11691	56.3
11861	56.2
12034	56.6
12209	57.3
12386	58.4
12567	59.8
12749	61.1
12935	62.3
13123	63.8
13314	64.2
13507	64.8
13704	65.1
13903	65
14105	64.6
14311	63.6
14519	61.7
14730	61
14944	59.6
15162	58.3
15382	57.1
15606	56.1
15833	55.3
16063	54.6
16297	54.5
16534	54.3
16774	54.5
17018	54.8
17266	55.4
17517	56.2
17772	57.1
18030	58
18293	58.8
18559	58.7
18829	58
19102	56.5
19380	54.1
20000	51
overall dB	93.4 dB
decay	Average
averaging	No Smoothing
source	Headset Microphone 1 Low Range


saved	7/5/23, 11:16 PM
peak	22.0Hz
